   8.8177786e+01   9.2824433e+01   2.6758416e+02
   7.9629333e+01   8.6125495e+01   9.4559787e+01
   3.0831367e+02   3.4162291e+00   5.4247492e+01
   1.4093279e+02   1.5724761e+02   3.1264939e+02
   7.7954506e+00   9.8435851e+01   2.5607829e+02
   1.6308721e+02   1.2601751e+01   1.8635198e+01
   1.9341000e+02   1.7724526e+02   1.8278893e+02
   1.8225156e+02   8.9503950e+01   2.8528694e+02
   3.4980655e+02   9.1105646e+01   2.7349291e+02
   9.8119836e+01   7.8912890e+01   5.8397692e+00
   8.2747844e+01   8.8001643e+01   3.5945962e+02
   5.2904524e+00   9.7459657e+01   1.8871702e+02
   9.5562212e+01   8.3125376e+01   2.7534098e+02
   1.7638994e+02   8.8239759e+01   1.6571241e+01
   9.9253205e+01   7.1834861e+01   2.6741430e+02
   7.8447627e+01   8.7109812e+01   6.9115129e+01
   2.7270812e+02   9.1644471e+01   1.8600578e+02
   3.5864138e+02   8.5981326e+01   8.2868815e+00
   1.3825302e+00   8.1666007e+01   3.5981087e+02
   2.7928318e+02   9.7072823e+01   2.6303114e+02
   3.4697749e+02   2.2089881e+01   2.8483094e+02
   1.9201379e+02   8.8577573e+01   1.6471670e+02
   2.6196959e+02   8.5329073e+01   3.4585618e+02
   1.5190402e+01   1.6019933e+02   9.5617675e+01
   1.5828482e+02   6.8398892e+00   2.0478480e+02
   2.6118396e+02   8.7575589e+01   1.6320405e+02
   3.8003490e+00   1.0042138e+02   1.8265208e+02
   3.4987940e+02   8.5399755e+01   6.3503947e+00
   1.7123285e+00   7.4593608e+01   3.4981550e+02
   3.5740774e+02   8.4985084e+01   3.5289797e+02
   2.5813322e+01   1.7570634e+02   3.6318312e+01
   3.4562074e+02   8.7803477e+01   3.4738413e+02
   2.6239832e+02   8.5604767e+01   2.5979329e+02
   2.6279675e+02   9.0647880e+01   1.7253288e+02
   1.0018447e+02   7.6994708e+01   1.8020070e+02
   3.5016643e+02   8.6670516e+01   2.7451768e+02
   1.7979806e+02   8.5317959e+01   1.8249816e+02
   2.3403716e+02   1.6819602e+02   1.4641556e+02
   3.5762354e+02   9.5287828e+01   9.8284086e+01
   2.7144935e+02   9.3045828e+01   1.8162570e+02
   3.2008622e+02   1.7545519e+02   5.4722196e+01
   3.5807093e+01   1.7350910e+02   1.1709633e+02
   1.3711351e+02   1.7851815e+02   1.4022839e+02
   8.2572602e+01   1.6858130e+02   9.7898748e+01
   7.7289178e+01   8.9140524e+01   1.8188212e+02
   1.9025820e+02   9.0568583e+01   1.8443454e+02
   3.5356303e+02   9.3646442e+01   3.5563380e+02
   8.7739885e+01   1.0286367e+02   1.7406804e+02
   8.7719984e+01   1.1301824e+02   2.1142998e+00
   3.5627479e+02   9.7145459e+01   1.8963106e+02
   1.8539903e+02   9.4509803e+00   3.3703993e+02
   2.7601170e+02   1.0310962e+02   8.6357888e+01
   9.9011012e+01   8.6226299e+01   3.5694430e+02
   1.8109684e+02   8.9098791e+01   1.1001986e+02
   9.8362013e+01   9.2447572e+01   2.7070300e+02
   2.8424576e+02   1.0682374e+02   8.3414278e+01
   2.7347388e+02   8.9712368e+01   9.7421352e+01
   5.2355602e+00   9.4585575e+01   2.6829467e+02
   1.3504208e+01   1.2642437e+01   2.4328045e+02
   3.5935087e+02   9.6093232e+01   9.9649452e+01
   2.5316175e+02   1.9709332e+00   1.9666906e+02
   1.9667637e+02   1.0701772e+02   3.5773929e+02
   2.6862241e+02   1.8846445e+01   2.6529621e+02
   8.3728993e+00   7.7537717e+01   8.5171162e+00
   3.4940181e+02   9.0304267e+01   2.7517597e+02
   2.6251300e+02   9.3972021e+01   5.9953715e+00
   8.8235013e+01   9.2995450e+01   3.5085557e+02
   1.0070645e+02   9.3972548e+01   1.8648536e+02
   1.7355939e+01   1.7083267e+02   2.8142304e+02
   2.2444242e+02   1.5756097e+02   1.4462224e+02
   1.2208455e+02   1.6188344e+02   3.0495456e+02
   2.6140124e+02   9.2206088e+01   3.5697554e+02
   3.2224937e+02   1.3765993e+01   2.9951651e+02
   3.5714222e+02   8.4007815e+01   1.8671365e+02
   7.8321931e+01   7.4804350e+00   1.0915839e+01
   7.9213346e+01   1.7513284e+01   3.5892317e+02
   7.7862255e+01   1.6988410e+02   2.5218780e+02
   4.2918932e+00   9.5389325e+01   8.3254116e+01
   2.6508759e+02   8.4531200e+01   9.7463765e+00
   2.1682481e+02   1.6278483e+02   3.0954998e+02
   1.8305662e+02   9.0601199e+01   3.5465069e+02
   8.8572093e+01   8.5333725e+01   1.7896364e+02
   8.9104352e+01   1.0184601e+02   9.4598418e+01
   2.6064692e+02   9.1479294e+01   3.5670458e+02
   2.7377545e+02   8.8314479e+01   1.8737861e+02
   2.6665627e+02   7.4207093e+01   8.2004883e+01
   2.5515289e+02   9.9168636e+01   1.0033643e+02
   3.5383355e+02   9.3698704e+01   8.5201236e+00
   2.6151525e+02   1.1268584e+02   2.7833958e+02
   1.2914852e+02   1.7156722e+02   2.8611366e+02
   1.9301271e+02   1.6355067e+02   9.0660124e+01
   1.5463430e+02   4.0856011e+00   1.8310582e+01
   2.2227094e+02   1.7963398e+02   1.4714115e+02
   3.0011234e+02   1.6311799e+02   2.1493680e+02
   1.0558302e+02   1.6806183e+02   2.9470872e+02
   2.7251247e+02   7.6544983e+01   1.2646133e+01
   1.8450500e+02   8.4519400e+01   2.6438068e+02
   1.5535141e+02   1.6589610e+02   7.2152164e+01
   1.1936479e+02   1.4364075e+01   1.4380687e+02
   2.6391040e+02   9.2118237e+01   1.7261269e+02
   9.1328821e+01   9.9428117e+01   8.3164547e+01
   3.5540477e+02   8.8268899e+01   9.7449468e+01
   3.4655072e+02   8.3746353e+01   3.9783979e+00
   8.6091708e+01   7.7790025e+01   2.8387472e+02
   1.7118328e+02   8.4643575e+01   2.6437152e+02
   3.3879433e+01   2.2552446e+00   2.2305952e+02
   3.4728356e+02   9.6307372e+01   1.7903832e+02
   9.7102660e-01   9.2029258e+01   1.5727395e+01
   3.5942832e+02   1.7731190e+02   3.5637928e+02
   2.8458086e+02   8.6504423e+01   9.7520422e+01
   1.8333446e+02   8.1090284e+01   1.7235238e+02
   5.0118094e+01   1.5175326e+01   1.2809144e+02
   3.4618248e+02   9.6794057e+01   1.7484630e+02
   3.3595021e+02   8.0916115e+01   3.4927000e+02
   8.3278783e+01   8.7658945e+01   2.6231472e+02
   3.4394541e+02   1.7473187e+02   7.8255191e+01
   2.7247206e+01   1.6615082e+02   2.1029321e+02
   8.3974740e+01   8.7100661e+01   2.6700646e+02
   8.9629198e+01   8.9492100e+01   9.5056975e+01
   3.2764012e+02   1.6518275e+02   5.6186733e+01
   1.7117279e+02   1.0433348e+02   3.5203299e+02
   8.5266221e+01   9.0653788e+01   2.5189202e+02
   3.4908381e+02   9.9793392e+01   1.7239937e+02
   3.5348143e+02   8.7670082e+01   3.1577056e+00
   1.7470410e+02   1.0134165e+02   9.1298116e+01
   9.5249421e+01   9.1069140e+01   1.7414278e+02
   1.3248427e+02   1.5915457e+02   1.3233599e+02
   1.5654874e+02   4.2536643e+00   1.9296387e+02
   8.2038240e+01   9.7002793e+01   5.2524629e+00
   7.7199952e+01   7.9795522e+01   3.5669911e+02
   2.0814960e+02   1.0548666e+02   4.0417732e-01
   1.9841964e+02   1.6480736e+02   2.9463788e+02
   3.3677227e+02   1.7252375e+02   6.9903257e+01
   2.6525659e+02   9.4553251e+01   9.0272930e+01
   3.5909641e+02   1.7905204e+02   1.8101930e+02
   2.6197524e+02   1.5319914e+02   9.2649244e+01
   3.1950043e+02   1.7048959e+02   1.3828588e+02
   1.6386160e+02   1.0392618e+02   3.5319152e+02
   1.6920211e+02   8.8950409e+01   9.2357470e+01
   8.4641612e+01   9.6416897e+01   8.8862772e+01
   6.5642492e+00   8.5516136e+01   1.7970600e+02
   2.6529232e+02   8.7201082e+01   1.9083646e+02
   2.5751579e+02   1.5547830e+01   9.5775447e+01
   4.6304063e+01   7.7501376e+00   1.3775798e+02
   9.8589669e+01   9.0306235e+01   1.0692796e+02
   1.8501870e+02   7.9088478e+01   3.4795142e+02
   2.7943882e+02   6.7165995e+01   2.8572629e+02
   2.7002949e+02   9.4664126e+01   1.0378409e+02
   1.0462801e+02   7.4862630e+01   7.3244450e+01
   8.6169119e+01   9.4911354e+01   2.6571521e+02
   1.7197446e+02   1.7741941e+01   2.7450549e+02
   1.2616103e+01   1.7459908e+02   7.6272301e+00
   3.2331405e+02   6.8198948e+00   1.9451142e+02
   2.8413669e+02   7.9291204e+01   1.7825250e+02
   3.2854214e+02   1.1971150e+01   1.0727408e+01
   3.5782973e+02   9.0207365e+01   1.7095393e+02
   2.8488414e+00   9.9605019e+01   9.1713624e+01
   3.4787938e+02   1.7902437e+02   3.4197130e+02
   3.0457859e+02   5.1315231e+00   2.3185607e+02
   3.4807742e+02   4.5735604e+00   9.4890884e+01
   1.1733363e+02   1.7932536e+02   2.6712930e+01
   3.5318514e+02   9.3242121e+01   2.7366002e+02
   1.9110284e+02   9.8842678e+01   3.5389359e+02
   2.2886560e+01   7.9339489e+01   2.6214769e+02
   3.2883149e+02   1.7149950e+02   3.2439036e+02
   2.5770025e+02   8.4827936e+01   1.7910970e+02
   3.1494372e+02   1.2756278e+01   1.2788698e+02
   2.5829108e+02   3.3572702e+00   1.8516215e+02
   2.8332956e+02   7.0953282e+01   8.8024595e+01
   3.5319860e+00   8.5442108e+01   1.6627332e+02
   2.6704341e+02   7.0602189e+01   9.2417685e+01
   2.8617030e+02   7.2194999e+01   8.7117817e+01
   8.4030587e+01   8.2759174e+01   8.6550576e+01
   4.5582595e+01   4.7993792e+00   4.0604437e+01
   1.4360358e+01   1.7247354e+02   2.9707680e+02
   1.5988546e+02   1.7259904e+01   1.0978557e+02
   2.6637543e+02   8.5954570e+01   2.6694369e+02
   6.5611281e+00   9.3376551e+01   7.0433773e+00
   9.3576037e+01   8.9859891e+01   9.5513063e+01
   1.5437550e+01   1.7636064e+02   1.9002785e+01
   2.3806494e+01   1.7453297e+02   1.1386901e+02
   2.7190139e+02   9.0306536e+01   1.7965124e+02
   3.5087308e+02   9.9644015e+01   5.2743095e+00
   7.3429727e+01   1.7534991e+02   1.7305916e+02
   1.9105179e+02   7.8465626e+00   2.6085116e+02
   3.5912666e+02   8.6713643e+01   3.4931103e+02
   8.6756951e+01   9.6628771e+01   8.2928676e+01
   9.9103953e+01   8.1517584e+01   3.6827182e+00
   7.8803975e+00   9.9274757e+01   1.7635898e+02
   1.7417103e+02   8.5418220e+01   9.5039052e+01
   2.8495187e+02   7.9761415e+01   1.9493920e+02
   1.1362389e+00   8.8646727e+01   2.7618650e+02
   2.6884646e+02   9.5125724e+01   2.7798587e+02
   9.0558478e+01   8.7969440e+01   1.1128083e+01
   1.1519128e+01   1.7085766e+02   1.0280857e+02
   2.8637537e+02   8.8457879e+01   1.8047108e+02
   7.0577514e+00   7.4940123e+01   2.6193440e+02
   1.8563671e+02   9.7689420e+01   1.8548752e+02
   2.7106193e+02   8.9828011e+01   1.7437470e+02
   8.7706013e+01   8.2070783e+01   2.6856895e+02
   3.5790892e+02   7.5527138e+01   2.7481124e+02
   3.1513216e+02   1.6617090e+02   3.5694690e+01
   2.6908576e+02   8.7518655e+01   8.0996579e+01
   1.8356289e+02   9.4594633e+01   1.7232213e+02
   4.6670524e-01   8.8097877e+01   7.1537529e+00
   3.4128932e+02   3.2308868e+00   2.9375295e+02
   2.8345520e+02   8.3462463e+01   8.1615468e+01
   2.7767996e+02   9.2272484e+01   8.3713075e+01
   1.9057566e+02   9.2274937e+01   2.6691869e+02
   2.5837308e+02   1.6074441e+02   3.5975344e+02
   1.9790850e+02   8.9943574e+01   2.6544919e+02
   2.9648285e+01   1.7729591e+02   1.4327794e+01
   1.9043846e+02   1.5917210e+01   8.0984539e+01
   7.1393355e+01   1.6581576e+02   3.4197834e+02
   1.7001487e+02   1.2242894e+01   3.5216011e+02
   2.6319188e+02   8.0149940e+01   1.7846803e+02
   2.6508657e+02   9.3918601e+01   3.5131760e+02
   2.2104595e+02   2.0462245e+01   2.3083997e+02
   7.1814347e+00   1.0272273e+02   2.6444427e+02
   1.3492205e+00   8.6672655e+01   3.5988113e+02
   2.6830367e+02   9.3806774e+01   1.7456685e+02
   2.6690764e+02   1.6576558e+02   1.5503539e+02
   1.7842048e+02   9.4624690e+01   1.8534800e+02
   6.3904288e+01   1.6309149e+02   1.5060656e+02
   2.7469813e+02   9.5511255e+01   7.8243773e+01
   2.7299911e+02   8.5095260e+01   2.8893084e+02
   3.5941440e+02   1.0145547e+02   1.0363455e+02
   1.8200147e+02   8.8517214e+01   2.7853209e+02
   2.7563713e+02   7.5306170e+01   3.4437896e+02
   1.9050554e+02   8.3328451e+01   8.1889363e+01
   1.8095555e+02   9.2558264e+01   2.5863746e+02
   2.1311699e+02   1.4225330e+01   6.8389723e+01
   1.7609892e+02   9.9245512e+01   2.6816831e+02
   2.7850877e+02   8.8394837e+01   8.2056799e+01
   2.7795172e+01   1.6884521e+02   2.0012134e+02
   1.3791836e+02   1.6896975e+02   2.4127103e+02
   1.1704130e+01   8.7466492e+01   7.5956654e+00
   2.7575946e+02   1.7350754e+02   3.5954797e+02
   3.1338556e+02   1.9625584e+01   3.0153633e+02
   1.0722848e+01   8.6943998e+01   1.7706779e+02
   3.2011949e+02   1.7422622e+01   3.2330179e+02
   8.2581017e+01   9.6122606e+01   1.9016598e+02
   1.8308879e+02   9.1047228e+01   1.8000062e+02
   1.8604693e+02   9.2661073e+01   2.7410543e+02
   1.0402706e+02   9.5037338e+01   1.6248971e+02
   1.5217176e+02   1.7492265e+02   1.4393839e+02
   5.4312099e+01   1.5954335e+02   1.4224607e+02
   1.0231259e+02   8.7142080e+01   2.7358787e+02
   8.0354669e+01   1.7527847e+02   2.5494472e+02
   2.8482088e+02   1.6836554e+02   3.9168750e+01
   9.0017715e+01   9.6870701e+01   2.6562122e+02
   2.6874295e+02   8.8946841e+01   9.8616181e+01
   3.4375903e+02   1.6219461e+02   3.3932775e+02
   2.7487375e+02   1.7482575e+02   1.8155575e+02
   2.6550212e+02   9.8187172e+01   8.5227884e+01
   6.4773039e+00   9.1705613e+01   3.5930788e+02
   8.3158004e+01   8.3294465e+01   9.2934930e+01
   2.1003066e+01   1.2764219e+01   6.5522866e+01
   3.5752046e+02   9.4580131e+01   2.6398080e+02
   3.6331457e+01   1.5935431e+02   4.2258429e+01
   2.9516384e+02   9.1896488e+01   2.7540915e+02
   5.6761892e+01   1.6485207e+02   1.5030026e+02
   1.8673908e+02   9.4591521e+01   1.0659754e+01
   2.6850652e+02   7.2430221e+01   2.6995971e+02
   1.5558565e+02   1.7223422e+02   3.4502014e+02
   1.2460336e+02   9.9487426e+00   1.4834880e+02
   3.5559863e+02   9.6264032e+01   1.5143996e+00
   9.2410284e+01   9.3588746e+01   3.5512661e+02
   9.6656729e+01   7.7793004e+01   8.8087632e+01
   9.3614590e+01   1.0276345e+02   2.6448220e+02
   9.9310416e+01   7.9939546e+01   9.1634102e+01
   3.2760651e+02   1.5991304e+01   3.0172944e+02
   3.5725461e+02   7.7536047e+01   3.5505531e+02
   3.5898407e+02   9.4126926e+01   2.7129366e+02
   5.1504367e+01   1.6674255e+02   3.2435816e+02
   1.7901463e+02   1.0302333e+02   8.9541454e+01
   1.6551960e+02   1.0316355e+02   1.6069065e+02
   1.9446876e+02   1.7802059e+01   8.0114395e+01
   2.7490074e+02   8.9160805e+01   2.7417632e+02
   1.7642684e+02   8.7091011e+01   7.6150798e+01
   1.6504478e+02   1.6356611e+02   6.1886343e+01
   2.8258337e+02   9.6049006e+01   7.0332235e+00
   4.6940458e+00   8.2313696e+01   1.9610769e+02
   3.2355127e+02   1.7572606e+02   7.0155732e+01
   7.9667858e+01   8.6347940e+01   2.6971652e+02
   4.3823542e+01   2.7825725e+00   2.2345366e+02
   2.9354232e+02   2.8287853e+00   7.1678367e+01
   7.7183161e+01   9.2510448e+01   3.4034112e+02
   1.3915951e+02   2.3235017e+00   2.1488168e+02
   3.5895455e+02   9.9384040e+01   1.6406554e+02
   1.4808671e+02   1.7742274e+02   5.8371686e+01
   1.3324920e+02   1.4960605e+01   3.2156175e+02
   2.8679488e+02   9.3791357e+01   1.8421610e+02
   3.1593213e+02   3.0900140e+00   1.2983641e+02
   9.7880967e+01   8.9872527e+01   3.5741372e+02
   7.9672145e-01   9.5581362e+01   3.5854396e+02
   2.6520982e+02   9.4198124e+01   1.7235528e+02
   2.7486141e+02   8.5032643e+01   8.9597874e+01
   1.7344739e+02   9.0611058e+01   1.7691597e+02
   1.7812952e+00   9.5795990e+01   1.0402540e+02
   7.1481819e+01   8.6675963e+01   6.9967120e+00
   1.7992013e+02   9.8310676e+01   3.5890538e+02
   1.7371466e+02   8.5966174e+01   1.8743675e+02
   3.0863804e+02   1.4009247e+01   2.3203882e+02
   9.1652741e+01   9.1845753e+01   1.8451356e+02
   8.5487837e+01   8.8352179e+01   1.3792110e+00
   1.6113101e+02   7.3527360e+01   1.8558741e+02
   1.4678952e+02   1.7354574e+02   7.2108551e+01
   2.0936739e+02   2.1613796e+01   1.4422195e+02
   3.2463160e+02   1.7200058e+02   3.2452848e+02
   1.7752610e+02   7.5708925e+01   2.7171743e+02
   2.7885251e+02   8.7957114e+01   7.4355687e+00
   2.7929141e+02   1.0083911e+02   1.7494853e+02
   3.3140484e+02   1.7668575e+02   2.3893706e+02
   3.1630579e+02   1.7221390e+02   3.0781811e+02
   3.5300075e+02   9.2562417e+01   2.6233091e+02
   3.5648171e+02   8.3757553e+01   9.1543010e+01
   3.4901561e+02   8.7074404e+01   3.5175414e+02
   3.4442068e+02   7.3916649e+01   1.8236442e+02
   8.8766586e+01   8.3302088e+01   2.1470847e+00
   2.2618816e+02   9.8294598e+00   3.1118230e+02
   2.7153854e+02   9.0619360e+01   2.7755446e+02
   4.4203170e+00   8.8275157e+01   3.5062014e+02
   2.7846620e+02   1.7168682e+02   1.4157091e+01
   2.6856373e+02   9.5955274e+01   1.8232887e+02
   8.5743091e+01   1.7712837e+02   2.7713171e+02
   2.6042732e+02   1.0247841e+02   1.7766101e+02
   3.5873017e+02   8.8699053e+01   1.7860927e+02
   1.3016170e+02   1.6697965e+02   2.0766975e+02
   1.1906819e+00   9.0626040e+01   7.3633821e+01
   1.7693641e+02   9.5523796e+01   8.5128271e+01
   5.2216044e+00   8.7902623e+01   6.9157516e+00
   1.8954700e+02   8.9052040e+01   1.9538625e+02
   3.5524171e+02   8.2629778e+01   2.7266812e+02
   1.9993901e+01   6.1401666e+00   1.5047538e+02
   4.3845973e+01   1.7934890e+02   3.9434685e+01
   2.7995897e+02   9.8311889e+01   9.0290053e+01
   3.1275735e+02   1.6668243e+02   2.2284837e+02
   6.4576044e+01   1.7964799e+00   1.9379286e+02
   2.1646070e+02   1.7910613e+02   2.1290419e+02
   1.6741893e+02   9.2192836e+01   3.5125742e+02
   8.0693352e+01   7.6695316e+01   1.7619600e+02
   2.6833674e+02   1.0084519e+02   8.5746042e+01
   1.8381823e+02   9.5967181e+01   8.4028591e+01
   7.7720596e+01   1.0821089e+02   1.7804513e+02
   3.4543307e+02   8.6934171e+01   2.7129628e+02
   1.8306752e+02   1.4019202e+01   1.6042247e+02
   6.5553523e+01   1.6471919e+02   1.5131152e+02
   1.8124319e+02   3.3450110e+00   1.6547372e+02
   2.1788312e+02   1.7094893e+02   1.4479375e+02
   2.4705072e+02   8.9533019e+01   9.0827870e+01
   1.7687001e+02   9.2171165e+01   1.9322929e+02
   2.5736105e+02   8.1405716e+01   8.4765374e+01
   1.9819872e+00   7.9845691e+01   1.0483826e+02
   9.8652286e+01   9.9537017e+01   2.7015608e+02
   9.1767246e+01   1.1316550e+02   1.9321530e+02
   1.7298979e+02   8.9663000e+01   9.3737668e+01
   2.6075122e-01   9.8421407e+01   2.5388553e+02
   4.4914278e+00   8.3626616e+01   2.8150873e+02
   1.7209587e+02   8.4578541e+01   9.0775331e+01
   2.8005501e+02   9.7631624e+01   9.0011599e+01
   2.6462708e+02   7.4164425e+01   1.9914531e+00
   2.7433322e+02   9.6056587e+01   8.5117629e+01
   8.7411400e+01   9.4113838e+01   8.9929237e+01
   2.6535592e+02   2.0369010e+01   1.8664780e+02
   2.6165308e+02   1.1038361e+02   2.5490195e+02
   2.6308947e+02   1.0174043e+02   2.7327557e+02
   1.3669981e+02   2.2175732e+01   1.3824204e+02
   8.0842351e+01   9.2571473e+01   1.9764256e+02
   2.6204496e+02   8.1955763e+01   1.9876834e+02
   2.8488792e+02   8.4459844e+01   9.6637409e+01
   2.2470768e+02   1.7358022e+01   4.9854179e+01
   1.0769909e+02   1.1414406e+01   1.6270138e+02
   1.7182587e+02   9.5044657e+01   3.4862998e+02
   1.7980268e+02   8.3261122e+01   2.6305524e+02
   1.7730695e+02   9.1049475e+01   3.5641322e+02
   3.6892982e+01   1.7150648e+02   1.2307191e+02
   8.9322981e+01   1.0379892e+02   2.5276183e+02
   1.3602004e+02   1.7280863e+02   2.2591081e+02
   9.0056083e+01   1.6489603e+02   1.8008281e+02
   8.2876610e+01   8.7330663e+01   9.4045647e+01
   1.3282682e+02   7.7353773e+00   3.1315122e+02
   3.4665359e+02   9.3699673e+00   9.0825275e+01
   2.7301289e+02   9.3646694e+01   8.8406569e+01
   8.9233778e+01   8.9053988e+01   2.6212923e+02
   3.5441894e+02   8.1801332e+01   2.6529669e+02
   7.6187510e+01   8.3814673e+01   3.5473655e+02
   2.0183511e+02   1.0205816e+01   7.3062419e+01
   1.7961960e+02   9.2678610e+01   1.3108928e+00
   8.9577784e+01   9.8695654e+01   1.2700051e+01
   3.3780680e+02   4.9125954e+00   2.1882148e+02
   3.1398680e+01   8.6603752e+01   1.6187807e+02
   1.3704789e+00   9.3421136e+01   5.0767180e+00
   1.6219930e+02   1.6899278e+02   7.0324930e+01
   8.3265722e+01   8.4494411e+01   3.5960375e+02
   8.8377221e+01   8.1579154e+01   2.6641981e+02
   3.5008778e+02   8.6350859e+01   1.7622760e+02
   1.8982347e+02   9.7334007e+01   1.6660786e+02
   3.5491080e+02   8.9608449e+01   1.8576450e+02
   2.3524188e+02   9.3756064e+00   3.1735026e+01
   1.8264480e+02   8.9577157e+01   1.6951540e+02
   2.6904803e+02   9.6251962e+01   9.9411103e+01
   2.7127106e+02   9.1332166e+01   1.8683981e+02
   9.3442528e+01   9.5098840e+01   1.7412520e+02
   1.7197814e+02   8.5756339e+01   2.7379836e+02
   2.8746934e+02   1.3367736e+01   6.7254843e+01
   1.8499582e+02   1.0759391e+00   3.5639754e+02
   3.5065382e+02   9.0167476e+01   2.7619744e+02
   2.5300314e+02   1.7650117e+02   3.5785995e+02
   3.3253244e+02   1.6986342e+02   4.6906078e+01
   1.7623813e+02   8.6550533e+01   1.6514655e+02
   1.8153255e+02   8.0830742e+01   1.4141082e+01
   2.6930346e+02   9.2863289e+01   9.4419900e+01
   3.5593467e+02   9.4328311e+01   2.7282270e+02
   9.6371111e+01   1.7909982e+02   2.7928891e+02
   9.1562985e+01   8.5321899e+01   3.5991040e+02
   3.6936107e-01   9.4697195e+01   1.7475668e+02
   2.5908449e+02   7.5538878e+01   8.5009886e+01
   1.4112512e+01   1.5520285e+01   8.7835458e+01
   1.1110770e+02   9.9924889e+00   2.4468491e+02
   2.7440800e+02   8.2715503e+01   2.6813026e+02
   3.4320916e+00   8.1972676e+01   2.4921450e+02
   9.1034521e-01   9.0081469e+01   1.0721132e+02
   2.3029579e+02   1.5232635e+02   1.3493385e+02
   8.6722066e+01   7.9748576e+01   1.0409422e+02
   3.5109512e+02   1.0043968e+02   7.9034320e+01
   1.8263389e+02   9.5291380e+01   1.8187417e+02
   3.2305168e+02   1.6765606e+02   3.1446686e+02
   1.3086740e+02   1.2883884e+01   1.5998062e+02
   1.7928448e+02   1.0075578e+02   3.5893188e+02
   2.4810278e+02   8.0245875e+00   2.9355240e+02
   1.6149390e+02   8.4439335e+01   1.1032975e+01
   9.2804124e+01   6.2797504e+01   1.8539146e+02
   2.8327969e+02   9.2504297e+01   1.7362783e+02
   1.8129702e+02   1.4046128e+01   3.5595669e+02
   2.3613456e+02   1.2215137e+01   2.9649344e+02
   8.0195892e+01   8.5443091e+01   8.2207983e+01
   2.6907057e+02   7.9096373e+01   2.7801602e+02
   1.7751522e+02   9.6683731e+01   7.9814572e+01
   1.2966149e+00   1.0246123e+02   2.6980686e+02
   1.2941354e+02   1.1139304e+01   1.3408197e+02
   6.4547847e+01   7.6968034e+00   2.0116826e+02
   1.4905525e+02   1.6669505e+02   2.2951534e+02
   3.5836146e+02   7.8371482e+01   2.6658145e+02
   1.8834544e+02   8.4453067e+01   1.7310105e+02
   1.6789102e+02   9.8488215e+01   2.7962894e+02
   2.7410610e+02   9.7165203e+01   1.8925855e+02
   1.6057568e+02   4.3286035e+00   3.0677477e+02
   3.5277466e+02   3.5209382e+00   8.5443969e+01
   1.1676715e+02   1.5913814e+02   2.1505139e+02
   4.0573539e+00   8.4857221e+01   1.8315446e+02
   2.4397386e+02   1.7156542e+01   2.0053995e+02
   2.3625568e+02   1.4349140e+01   3.1353234e+02
   2.8335990e+02   8.8178523e+01   5.9469411e+00
   3.5885650e+02   1.6432484e+02   3.7158934e+00
   3.3168708e+02   1.7108182e+02   6.4354533e+01
   2.5488008e+02   1.6937245e+02   1.7664537e+02
   2.9236914e+02   1.7452738e+02   4.2472528e+01
   1.7959016e+02   1.7174428e+02   2.6817648e+02
   1.7557029e+02   7.6783683e+01   1.9043098e+02
   2.7768702e+02   9.9915536e+01   2.7397045e+02
   2.6927691e+02   7.1467732e+01   3.4431424e+02
   9.1858031e+01   8.8523130e+01   7.9015922e+01
   3.4045934e+02   1.4021193e+01   2.0398859e+02
   6.2888959e+01   5.7112841e+00   1.9212801e+02
   1.6198400e+02   1.5323676e+01   2.0103189e+02
   1.8517265e+02   8.9469185e+01   3.5783308e+02
   1.7778126e+02   1.0282394e+02   3.2667890e+00
   3.2447195e+02   1.6072206e+02   2.0235403e+01
   1.4095368e+02   1.7529326e+02   3.2943521e+02
   1.6960302e+02   1.2465803e+01   2.9423023e+00
   2.0302074e+02   1.5405280e+02   2.9508177e+02
   2.6284318e+02   8.9991999e+01   2.6162086e+02
   3.4635884e+02   9.1534550e+01   2.6758545e+02
   5.9432292e+00   9.1935375e+01   1.8997413e+02
   1.8908213e+02   9.6659642e+01   1.6723425e+00
   9.8664719e+01   5.8624460e+00   6.8965858e+01
   2.5644632e+02   7.5317567e+01   7.8899841e+01
   2.7086710e+02   9.4355730e+01   8.7625456e+00
   8.0717520e+01   8.9327251e+01   8.8277670e+01
   2.5927714e+02   9.8991900e+01   8.5475620e+01
   2.6885891e+02   1.1344351e+02   5.8666552e-01
   2.6645490e+02   9.3562574e+01   9.0731466e+01
   3.5628471e+02   9.4748362e+01   8.6302437e+01
   3.1915749e+02   1.7630531e+02   1.4623970e+02
   9.8612714e+01   9.9594966e+01   2.7562620e+02
   3.1756608e+02   1.7318388e+02   1.3803822e+02
   1.4856773e+02   7.4612172e+00   2.1201722e+02
   2.6700933e+02   9.9953626e+01   2.9432791e+00
   1.1948397e+02   1.6718314e+02   1.1795459e+02
   1.7412362e+02   7.8643949e+01   2.5248181e+02
   2.6319611e+02   1.4950415e+01   8.9950066e+00
   2.8794582e+02   1.7696047e+02   1.8069715e+02
   1.8322892e+02   8.9625131e+01   8.3393068e+01
   1.7656743e+02   9.9838392e+01   1.7596232e+02
   1.8101333e+02   9.7391031e+01   8.4003784e+01
   1.7680424e+02   7.4604359e+01   2.5920578e+02
   1.8131195e+02   8.5163930e+01   1.7945184e+02
   2.3145868e+00   1.0430985e+02   1.8084931e+02
   2.7556805e+02   8.0044692e+01   8.9867247e+01
