   3.1213375e+02   1.6546039e+02   3.1068508e+02
   1.5565497e+02   1.6980061e+02   2.4620661e+02
   9.2246161e+01   1.7810703e+02   9.5276359e+01
   3.9840161e+01   7.2011897e+01   1.7778467e+02
   8.4324230e+01   8.9215145e+01   2.7180228e+02
   2.9390997e+02   1.1818172e+02   1.6402027e+02
   3.4866869e+02   9.3843978e+01   2.7414144e+02
   3.2589457e+02   3.7712487e+01   3.0719553e+02
   2.2764584e+02   2.0812260e+01   2.3251380e+02
   7.3050986e+01   1.0824208e+01   2.8929747e+02
   1.2243256e+02   9.7179110e+01   1.1071736e+02
   7.6093886e+01   8.6519677e+01   1.7661345e+02
   8.5668559e+01   1.0623250e+02   1.0281639e+02
   8.9338282e+01   1.0728805e+02   1.8256312e+02
   1.9725459e+02   4.1009244e+01   2.0772219e+01
   2.9517937e+01   4.4623919e+01   4.4638071e+01
   6.4253490e+01   1.8698597e+01   1.9457976e+02
   1.2553012e+02   1.3204538e+02   3.3896670e+02
   8.9169016e+01   8.7184769e+01   8.9118501e+01
   3.2560571e+01   1.6884955e+02   2.4820493e+01
   2.7878080e+02   8.9174824e+01   2.0080696e+00
   3.3293085e+02   1.6436979e+02   3.1343994e+02
   3.0455304e+02   1.0140036e+02   1.5165207e+02
   1.0391650e+02   8.7891720e+00   7.9305068e+01
   7.0328231e+01   1.0830382e+02   1.3431735e+01
   1.5200321e+02   1.0397416e+01   1.2653388e+02
   2.9173418e+02   5.9835684e+01   2.8011768e+02
   9.8777189e+01   1.3808073e+02   1.1569725e+02
   9.1400294e+01   9.3392023e+01   2.8331659e+02
   2.7416654e+02   8.3160719e+01   8.7144542e+01
   2.3086992e+02   2.2976744e+01   2.2705973e+02
   2.7447328e+02   8.0708803e+01   3.5436541e+02
   1.9986352e+02   1.2639408e+02   2.5503705e+02
   3.4933833e+02   1.7588012e+02   2.7281950e+02
   5.7855217e+01   1.2739553e+01   4.1777922e+01
   2.3240756e+02   1.6727211e+02   2.4212988e+02
   2.0379121e+02   8.7922803e+01   3.2018649e+02
   3.0876358e+02   6.6616440e+01   1.5566283e+02
   5.0869867e+01   1.7023253e+02   5.0034030e+01
   2.7105228e+02   8.3669062e+01   2.7798467e+02
   5.7522402e+01   9.5104151e+00   2.0477247e+02
   1.7461901e+02   8.7260035e+01   1.8357964e+02
   3.6306477e+01   5.6995651e+01   3.4680271e+02
   1.0257518e+02   7.9199922e+01   7.3184550e+01
   2.7144191e+02   8.4058413e+01   2.6108190e+00
   3.1529245e+02   7.0834425e+01   1.9678579e+02
   2.6262231e+02   1.1444960e+02   2.4698761e+02
   1.1724636e+02   1.6880325e+02   1.1731356e+02
   1.5946620e+02   2.1830893e+01   1.8371494e+02
   1.5768100e+02   8.5640199e+01   8.7717037e+01
   7.4526237e+01   1.0590960e+02   2.1836091e+01
   5.5938082e+01   1.2961671e+02   1.1564519e+02
   2.6252005e+02   7.9324381e+01   1.2238187e+02
   1.0743623e+02   9.1355481e+01   2.0505117e+02
   3.5749591e+02   8.7688350e+01   8.9120406e+01
   9.2077322e+01   9.3197954e+01   1.8543112e+02
   2.0338959e+02   1.2050234e+02   7.9838179e+01
   2.5927667e+02   1.6390566e+02   2.6021439e+02
   9.4143818e+01   9.4998168e+01   2.5963253e+02
   1.8022825e+02   9.5729588e+01   1.9425111e+02
   1.5762006e+02   1.7136221e+02   5.5265980e+01
   2.6528312e+01   5.0797271e+00   1.4170224e+02
   1.7939619e+02   9.5489612e+01   1.8637408e+02
   1.9994806e+02   2.7690270e+01   1.8572144e+02
   3.5605057e+02   8.0641743e+01   3.5164333e+02
   3.5738189e+02   9.1038094e+01   2.6981337e+02
   3.5876490e+02   1.0307226e+02   8.2723091e+01
   2.5656507e+02   9.1623744e+01   3.2235311e+02
   3.5527459e+02   3.4344968e+01   7.9275767e+01
   3.2236821e+02   6.0299216e+00   1.3228677e+02
   6.8889303e+01   8.0303924e+01   2.6276098e+02
   7.1663317e-02   9.5928022e+01   6.6197409e+00
   1.7446093e+02   1.3736112e+02   1.6080871e+02
   9.0543755e+01   7.4705347e+01   2.7300279e+02
   2.6867745e+02   1.1247140e+02   1.7529593e+02
   1.2354198e+01   9.8346890e+01   8.9959386e+00
   1.9190973e+02   9.9665524e+01   2.9149678e+02
   3.5680239e+02   1.0090889e+02   3.5872287e+02
   4.4181514e+01   2.1264137e+01   1.5000413e+02
   3.5197282e+02   8.4049359e+01   8.6166935e+01
   3.4257825e+02   1.2894615e+02   1.9440400e+01
   1.7691017e+02   8.8103375e+01   2.7249173e+02
   6.4312561e+01   1.6886823e+02   2.4820566e+02
   3.5534009e+02   8.4668296e+01   2.7162877e+02
   7.9596106e+00   9.0119279e+01   1.7012107e+02
   7.9028305e+01   9.8834338e+01   1.7639174e+02
   4.7648771e+01   5.9123219e+01   3.2143681e+02
   4.3541942e+01   2.6511592e+01   3.2606345e+02
   3.2893102e+02   8.2102921e+01   4.4813456e+01
   2.7264461e+02   8.5720149e+01   2.5853446e+02
   7.7615395e+01   9.2816015e+01   1.0012294e+02
   2.6010341e+02   8.7162991e+01   1.6882894e+00
   3.4142082e+02   1.4730970e+02   7.5953965e+01
   7.9329399e+01   8.6545264e+01   2.7937710e+02
   3.5265281e+02   8.8555032e+01   2.8856372e+02
   2.3918442e+02   1.5126953e+02   1.9408949e+02
   2.4168770e+02   8.6317322e+00   3.6399616e+01
   3.5499461e+02   8.5700414e+01   1.9936017e+02
   8.6546379e+01   8.8709507e+01   8.6231846e+01
   1.7714365e+02   8.4540735e+01   1.4661911e+01
   3.5303538e+02   9.5327053e+01   1.7534100e+02
   1.7847471e+02   9.5239760e+01   9.5694425e+01
   2.0185883e+02   7.4944702e+01   1.8286599e+02
   2.3891067e+02   2.2198916e+01   2.5806813e+01
   8.8277339e+01   7.8672754e+01   2.8326921e+02
   8.8549248e+01   1.0073050e+02   3.6408982e+00
   8.3549892e+01   9.4094001e+01   1.7753787e+02
   3.5459478e+02   9.4139148e+01   1.8750427e+02
   1.0207041e+02   8.6718513e+01   2.4941906e+02
   5.6604577e+01   1.2684786e+02   1.9821478e+02
   2.5624333e+02   1.7526112e+02   2.4705957e+02
   2.5079097e+02   5.9731073e+01   6.7527218e+00
   2.7191608e+02   9.2378371e+01   5.7982309e+00
   1.4840753e+02   1.1008188e+02   2.7222417e+02
   2.1029811e+02   9.4621867e+01   1.5866846e+02
   2.5770561e+02   7.9001084e+01   2.5492343e+02
   3.3374965e+01   1.6030077e+02   2.9550084e+02
   1.6866119e+02   8.1409951e+01   4.0316165e+00
   3.5587018e+02   9.4632782e+01   1.2604736e+02
   8.9963318e+01   9.1471981e+01   2.6355791e+02
   2.4093442e+02   1.0021051e+01   3.2315760e+01
   6.3314636e+00   1.0934575e+02   3.1819320e+02
   3.3175383e+02   1.7196993e+02   2.4124820e+02
   9.6494170e+01   9.2124959e+01   8.7911671e+01
   2.2384969e+02   6.7264942e+01   3.4555215e+02
   5.0616411e+01   7.5267743e+01   2.0883726e+02
   9.0557998e+00   1.6992372e+02   4.3398308e+00
   3.5143191e+02   8.7038667e+01   9.8034371e+01
   2.8930974e+02   1.4009778e+02   1.8431617e+02
   2.9340153e+01   1.5237130e+02   1.1335208e+02
   1.1875076e+02   9.7860160e+01   1.1673509e+02
   1.8131486e+02   1.0326891e+02   1.8296461e+02
   8.0373592e+01   9.9032515e+01   3.5491889e+02
   9.2490677e+01   3.0186089e+01   2.5970019e+01
   9.0521370e+01   1.0892088e+02   7.9450111e+01
   1.7190737e+02   9.5142802e+01   1.5619272e+02
   2.6629720e+01   1.4185463e+02   1.5641457e+02
   9.8053396e+01   1.6311402e+02   2.1375339e+02
   2.6679384e+02   8.3417664e+01   2.7422142e+02
   1.8358158e+02   6.8700817e+01   1.2438108e+02
   1.7070719e+01   8.8714922e+00   1.5735190e+02
   2.6994060e+02   1.0241480e+02   1.0985192e+01
   8.6533324e+01   7.3085188e+01   8.4213335e+01
   1.4337141e+02   6.2026274e+01   1.7892404e+02
   1.6419388e+00   1.2098455e+02   1.4775793e+02
   4.6382637e+01   4.0239206e+01   1.0012132e+02
   2.7670808e+02   1.6843169e+02   2.6777638e+02
   9.4357925e+01   8.4346524e+01   3.5128266e+02
   1.6860424e+02   7.7269411e+01   1.8582746e+02
   3.3063398e+02   7.9197490e+01   3.0366539e+02
   9.8920205e+01   7.9810516e+01   1.8303617e+01
   4.2277212e+01   1.5589509e+02   3.9008453e+01
   1.0960840e+02   8.0909649e+01   1.7824715e+02
   7.5547335e+01   9.5145232e+01   2.7306019e+02
   2.7652223e+02   9.0827559e+01   9.4424234e+00
   2.7815449e+02   9.5245940e+01   1.0598191e+01
   1.7982049e+02   8.4462007e+01   2.7341477e+02
   9.9630751e+01   8.2723948e+01   1.8323401e+02
   2.6334567e+02   9.1651645e+01   3.5590731e+02
   3.5059649e+02   8.2526958e+01   9.4962963e+01
   2.7341983e+02   1.6847174e+02   1.9233976e+02
   7.0564864e+01   1.6248921e+02   2.4616580e+02
   6.1371304e+00   9.4887334e+01   1.8608952e+02
   2.7069929e+02   9.9873785e+01   2.6379030e+02
   2.7491813e+02   9.8562616e+01   1.0176409e+02
   9.9704736e+01   8.2934152e+01   2.6701670e+02
   1.6961308e+02   9.1012783e+01   8.6450845e+01
   1.8814948e+02   9.3867830e+01   3.5817220e+02
   1.7320956e+02   1.3145433e+01   1.0075797e+02
   2.7339267e+02   1.1597851e+02   1.7811508e+02
   2.8820879e+02   1.6649547e+02   1.2055348e+02
   6.3233196e+01   1.1890034e+01   1.2884711e+02
   2.7569321e+02   9.4975726e+00   1.8284995e+02
   7.5435978e+01   9.4150715e+01   1.7137134e+02
   4.2427175e+00   1.1017677e+01   3.5616825e+02
   3.5225996e+02   1.4748930e+02   3.4216269e+02
   1.7815227e+02   9.9663693e+01   2.7252438e+02
   2.0254954e+02   9.1365981e+00   2.4781698e+02
   1.4456746e+01   9.4596073e+01   2.7809761e+02
   2.0640540e+02   6.2946053e+01   1.1670408e+02
   2.7681097e+02   8.5287988e+01   7.3377384e+01
   1.7259758e+02   4.4901772e+01   3.1164596e+02
   4.2773726e+01   1.0821174e+02   1.1446840e+02
   8.3822966e+01   8.9372829e+01   2.6539354e+02
   1.6242235e+02   1.7082672e+02   5.7026106e+01
   2.6445826e+02   9.2523621e+01   8.2217866e+01
   7.6405920e+01   8.7449327e+00   2.1217232e+01
   1.9816950e+02   4.1627584e+01   8.7286713e+01
   1.6963735e+01   8.1053919e+01   1.7498075e+02
   9.7468674e+01   9.0362338e+01   9.3537940e+00
   2.5194883e+02   4.9883131e+01   8.5120575e+01
   2.5467178e+02   1.2802318e+02   1.2803677e+02
   8.7105101e+01   7.1203556e+01   6.6356175e+01
   6.4924603e+00   8.9912291e+01   1.6704248e+02
   1.9105562e+02   7.9195460e+01   9.0520811e+01
   8.4081978e+01   9.4040917e+01   1.6979547e+02
   1.7685664e+02   1.4610032e+02   2.0314922e+02
   2.6596168e+02   9.6243981e+01   9.0131616e+01
   1.9919889e+02   7.3446318e+01   3.0360175e+02
   1.5864992e+02   8.2828757e+01   1.6146173e+02
   2.7515800e+02   1.0269599e+02   2.7046054e+02
   2.4058680e+02   3.4685528e+01   1.8570408e+02
   3.3627727e+02   4.9202156e+01   2.5941498e+02
   2.3480661e+02   1.0656061e+02   2.5878884e+02
   2.8342622e+02   8.5479287e+01   5.1267060e+00
   6.0193263e+01   5.8075268e+01   2.0035485e+01
   2.6327874e+02   8.4640595e+01   1.1740297e+01
   6.8657900e+01   1.6641770e+02   1.6673680e+02
   3.5614917e+02   8.6153824e+01   1.7700968e+02
   8.6416594e+01   6.2068146e+01   1.4447782e+02
   8.7670024e+01   8.6252640e+01   1.7766088e+02
   8.5706465e+00   9.3256123e+01   1.8428923e+02
   4.3840562e+00   1.7261945e+02   7.4293789e+01
   1.3871854e+02   1.4707500e+02   3.2082744e+02
   9.0045443e+01   9.7628742e+01   8.6675139e+01
   1.7259985e+02   1.6357757e+02   3.4947368e+02
   1.1544154e+02   8.9017851e+01   1.9837151e+02
   2.0798393e+02   1.1297847e+02   1.4383898e+02
   2.8574087e+02   1.6972780e+02   1.9638756e+02
   3.5539248e+02   7.8734804e+01   3.5492432e+02
   8.8518432e+01   9.5646737e+01   1.8181009e+02
   1.7066376e+02   1.9408354e+01   1.8039924e+02
   9.6640270e+01   8.9370575e+01   2.8024063e+02
   2.0810678e+02   1.3144912e+02   3.4241767e+02
   1.0516698e+02   5.1745678e+01   2.1817298e+02
   1.6709946e+02   9.9925866e+01   1.7930758e+02
   1.7965149e+02   8.1653386e+01   2.6670407e+02
   2.6234926e+02   7.1048812e+00   1.9822014e+02
   3.5745178e+02   1.0102909e+02   3.5978436e+02
   9.3698088e+01   1.3064443e+01   7.0579210e+01
   3.5591813e+02   1.0109101e+02   2.3817341e+00
   9.2605830e+01   9.3838937e+01   3.5893203e+02
   3.3060234e+02   7.2252618e+01   8.7204262e+01
   4.1179095e+01   8.5807473e+01   2.0580204e+02
   1.0619603e+02   8.5880606e+00   7.8257312e+01
   1.7077066e+02   3.8664291e+01   2.5770245e+02
   1.7774993e+02   1.7440015e+02   2.6600950e+02
   2.8769308e+02   1.5296966e+02   1.9986732e+02
   2.9729881e+02   1.1470899e+02   1.4005310e+02
   1.3460534e+02   8.1668468e+01   2.5391896e+02
   1.0497654e+02   8.9843889e+01   2.8037253e+02
   2.7275276e+02   1.5738505e+02   3.5685586e+02
   1.4846611e+02   1.7117477e+02   5.4425268e+01
   1.3484242e+02   6.2750958e+01   1.1683044e+02
   8.1735043e+01   1.0977931e+02   2.6405238e+02
   3.5522275e+02   9.3206977e+01   3.4204082e+02
   1.8650263e+02   8.2782551e+01   3.1750453e-01
   4.9202834e+01   1.2029126e+01   2.0161726e+01
   2.0679608e+02   1.1147725e+01   2.4699219e+02
   1.5598901e+02   3.1056963e+01   8.6941426e+00
   1.0033736e+02   7.8471174e+01   2.6417654e+02
   3.3524351e+02   1.6704703e+02   1.4921382e+02
   4.5100913e+00   8.9955138e+01   1.3102948e+00
   2.5376408e+02   8.3705441e+01   2.7642112e+02
   3.5405153e+02   9.9147567e+01   1.8679299e+02
   2.9355617e+02   2.4266072e+01   1.1891066e+02
   1.0330340e+01   1.6032938e+02   1.9113474e+01
   1.1046668e+02   6.4832750e+00   7.3759559e+01
   2.3133439e+01   7.0062271e+01   1.0770947e+02
   2.6589387e+02   9.9087408e+01   2.7414204e+02
   1.5399211e+02   8.8530322e+01   2.5706889e+02
   7.1803220e+00   5.2866384e+01   1.4830130e+02
   1.3734788e+02   1.2366717e+02   3.2868443e+02
   2.6112597e+02   9.5262974e+01   1.5234816e+02
   2.7256007e+02   9.3303175e+01   9.2262870e+01
   2.8084832e+02   1.7440531e+01   3.4634569e+02
   2.6470031e+02   7.3331529e+01   8.9187343e+01
   3.5716865e+02   9.2982710e+01   2.6207902e+02
   2.7151722e+02   8.7902998e+01   9.0429429e+01
   1.4903092e+02   3.9707260e+01   2.2947949e+02
   2.7707699e+02   1.0010941e+02   2.7017087e+02
   2.0153422e+02   6.4124536e+01   1.5930432e+02
   8.2912842e+01   1.7223437e+02   2.8244459e+02
   3.3628656e+02   1.6206547e+02   2.3153300e+02
   9.6041208e+01   1.0563682e+02   8.5331821e+01
   3.1803263e+02   4.9351381e+01   1.6365468e+02
   1.9245618e+02   8.0253728e+01   2.6617365e+02
   2.7763538e+02   9.0676222e+01   1.8314759e+02
   1.7515957e+02   1.4105675e+02   3.1537821e+02
   2.7506167e+02   8.2787193e+01   1.3634239e+02
   2.4150079e+02   4.1536798e+01   2.5445918e+02
   1.7941835e+02   8.3389011e+01   1.7666832e+02
   8.3002220e+01   1.0815047e+02   2.6591385e+02
   1.6923512e+02   8.0535976e+01   3.5009140e+02
   3.5890587e+02   1.1178105e+02   1.0322825e+02
   2.9112675e+02   5.0626593e+01   5.6144587e+01
   3.5725606e+02   1.4951674e+02   3.3082591e+02
   3.3718597e+02   1.6975650e+02   5.5493670e+01
   9.6301857e+01   9.3169169e+01   3.5245903e+02
   3.5952360e+02   1.7518001e+02   2.6932441e+02
   2.4624481e+02   1.5678937e+02   7.0408637e+01
   2.7575040e+02   1.7032372e+02   7.9221157e+00
   2.9865997e+02   8.4635200e+01   5.3004906e+01
   7.4644565e+01   1.2989352e+01   1.1849097e+02
   3.1507601e+02   5.4686606e+01   1.2199600e+02
   4.7716156e+01   1.2181980e+02   3.3025526e+02
   1.3933935e+02   1.0269592e+02   8.7241755e+01
   4.8791166e+01   1.3809316e+02   2.7681155e+02
   3.4974644e+02   1.4223856e+02   4.4357372e+01
   2.7681360e+01   1.0967416e+02   2.3412677e+02
   2.7816687e+02   6.0630305e+01   1.3264586e+02
   2.7811909e+02   1.0010801e+02   3.4642553e+02
   3.8540984e+01   1.6255373e+02   2.1992152e+02
   1.1342828e+02   4.4419763e+01   1.3644480e+02
   1.0254975e+02   8.4268992e+01   1.0276545e+02
   9.7309807e+01   9.5024702e+01   2.6713748e+02
   2.2396957e+02   4.0859066e+00   1.3533538e+02
   2.1284027e+02   1.4776500e+01   2.3964143e+02
   3.5190436e+02   9.7216199e+00   1.9271503e+02
   1.4719295e+02   7.9528861e+01   2.1162773e+02
   1.9892942e+02   6.9123715e+01   1.5304123e+02
   1.6828137e+02   7.3416904e+00   1.9047511e+01
   1.5659004e+02   8.5974029e+01   1.0612029e+01
   4.2452556e+01   1.4462524e+02   9.6234799e+01
   2.7529313e+02   1.0258179e+02   1.2595503e+02
   2.3825965e+02   9.6061842e+01   2.9896116e+02
   3.0941774e+02   1.5195566e+02   1.3567515e+02
   6.0339498e+00   7.2751044e+01   7.7246634e+00
   2.6609712e+02   9.0081019e+01   3.5817185e+02
   3.3640748e+02   6.4288180e+01   3.3509793e+02
   3.5078348e+02   1.0205919e+02   1.7067069e+02
   1.0194149e+02   8.8063634e+01   1.7651604e+02
   2.6218487e+02   9.0940153e+01   7.7679620e-01
   9.2004265e+01   9.7560630e+01   2.7693273e+02
   1.6992456e+02   9.3397653e+01   1.7263382e+02
   1.6913931e+02   1.1376589e+02   1.9244310e+02
   2.9660114e+02   7.3184493e+00   2.5833051e+02
   2.8155311e+02   8.3333823e+01   2.6394555e+02
   9.7307481e+01   1.9206987e+01   7.8718478e+01
   1.2066716e+02   1.6630180e+01   3.3379991e+02
   3.2161643e+01   1.4618597e+02   1.4881510e+02
   1.6036512e+00   8.0506284e+00   2.7451814e+02
   1.7858416e+02   7.5880148e+01   1.8118551e+02
   1.0786752e+02   1.6583158e+02   1.7625162e+02
   3.5117875e+02   1.9052803e+01   9.5123414e+01
   2.8512393e+01   1.2691575e+02   2.0155228e+02
   1.8640879e+02   8.9394559e+01   8.4807305e+01
   3.5307483e+02   9.3343069e+01   2.8962975e+02
   2.6897360e+02   6.8366095e+00   2.7286746e+02
   1.0955805e+00   9.4035288e+01   3.4795883e+02
   1.2569904e+02   5.2096433e+01   1.9152844e+02
   2.9132340e+02   9.3418358e+01   1.8016345e+02
   3.4664821e+02   1.6804478e+02   1.8156416e+02
   9.4294603e-01   8.2490382e+01   8.4388813e+01
   2.5208731e+02   1.1202249e+02   1.6405083e+01
   2.8055916e+02   8.3959665e+01   3.5238381e+02
   3.5423522e+02   1.0838125e+02   3.5999293e+02
   3.5118222e+02   1.1536109e+02   3.0312789e+02
   3.3323811e+02   1.6155422e+01   2.9003257e+02
   3.3815505e+01   5.8896107e+01   1.8945107e+01
   1.9869459e+01   9.0543185e+01   3.5131004e+02
   2.1954305e+02   6.8714689e+00   2.2806396e+02
   4.8669497e+01   1.3765666e+02   3.2126694e+02
   8.4522194e+01   8.4633755e+01   4.7331083e+00
   2.6657351e+02   1.0538416e+02   8.3706884e+01
   1.6879373e+02   1.0046355e+02   9.5085823e+01
   2.0924803e+01   7.5261300e+01   2.7048179e+02
   3.5903430e+02   9.8236586e+01   1.7201142e+02
   2.2080824e+02   9.4883177e+01   3.3001733e+02
   8.6379703e+01   1.6220018e+02   2.5057731e+02
   1.7330340e+02   7.2309144e+00   2.7972611e+02
   3.2087624e+02   2.5474288e+00   4.2527168e+01
   2.9889088e+02   6.9353555e+01   1.5369301e+01
   9.0689801e+01   9.0141670e+01   9.9289102e+01
   2.3024022e+01   2.9127358e+00   6.1917198e+01
   2.1397645e+02   6.5520083e+01   1.8431508e+02
   7.7402853e+01   7.9652178e+01   1.6805082e+02
   2.7536021e+02   9.2448297e+01   2.6805256e+02
   5.4771246e+01   6.2240562e+00   2.9987470e+01
   1.2945383e+02   1.3074965e+02   2.1438487e+02
   1.0026566e+02   9.8301332e+00   2.6452020e+02
   3.5914989e+02   8.9268450e+01   1.8083347e+02
   3.5000487e+02   8.9469142e+01   1.3038070e+01
   7.6961216e+01   8.5978164e+01   2.5889122e+02
   6.9147490e-01   8.8849438e+01   2.6753847e+02
   2.8348425e+02   7.3929971e+01   1.9382292e+02
   8.1049318e+01   7.9151560e+01   3.5685973e+02
   9.4689611e+01   8.6344147e+01   3.3585517e+01
   3.5016294e+02   8.5852875e+01   3.4968876e+02
   1.9822108e+02   9.9700607e+01   1.1352770e+02
   2.7646065e+02   1.6932291e+02   1.2150988e+01
   1.7675399e+02   1.0330520e+01   2.6697034e+02
   2.4612535e+02   1.7594628e+02   1.4329332e+02
   2.6539381e+02   8.5503424e+01   2.5791935e+02
   1.1508080e+02   1.6614997e+02   2.1685636e+02
   1.9285172e+02   7.7047924e+01   1.7645687e+02
   3.5352688e+02   9.3626254e+01   8.8584384e+01
   1.6031949e+02   8.3575112e+01   2.0806332e+02
   3.2343915e+02   6.9437083e+01   5.8319765e+01
   1.8085230e+02   8.8677201e+01   2.5889638e+02
   2.8093187e+01   1.6978303e+02   1.1763709e+02
   2.2994114e+02   1.4288937e+01   2.1602832e+02
   1.8675252e+02   9.7829388e+01   1.5745436e+01
   9.9462029e+01   1.0398686e+02   8.8695812e+01
   3.5106343e+02   1.6427370e+02   1.6702973e+02
   3.3080959e+02   8.2539951e+01   8.6432293e+00
   9.6020000e+01   9.2627283e+01   1.8040234e+02
   3.3577638e+02   1.4424979e+02   1.2334798e+02
   2.7026755e+02   8.8428099e+01   9.2266389e+01
   2.5632773e+02   1.6348927e+02   5.4770430e-01
   2.5868900e+02   1.5344764e+01   1.0553221e+01
   4.1381071e+01   9.3426012e+01   1.7445796e+02
   2.6560825e+02   1.3160289e+02   3.5406570e+02
   2.0339838e+01   8.7201988e+01   6.1540296e+00
   8.6902759e+01   1.1096659e+01   2.7238923e+02
   2.3825625e+02   6.3762600e+01   1.9145326e+02
   9.2028521e+01   7.9813835e+00   1.3092419e+01
   2.2357368e+01   1.1845149e+01   3.2996404e+02
   2.7569139e+02   1.5355653e+01   2.2969510e+02
   2.9801276e+02   2.7465522e+00   4.9409751e+01
   1.1642010e+00   7.3570607e+01   1.6864216e+00
   4.4974626e+00   1.0081871e+02   8.6177049e+01
   4.7028149e+01   3.3087555e+01   1.2664011e+02
   3.5260738e+02   1.0079636e+02   3.5393459e+02
   2.1669244e+02   8.4264857e+00   2.3378131e+02
   1.6906295e+02   9.6110888e+01   7.3378370e+01
   2.4183581e+02   6.0464053e+01   4.6898560e+01
   3.5406306e+02   8.8090156e+01   8.3183355e+01
   6.3352474e+01   8.3523405e+00   1.9628795e+02
   2.7056900e+02   8.9794673e+01   3.5875348e+02
   1.6907373e+02   8.6521462e+01   1.7320313e+02
   9.3409182e+01   8.1501261e+01   1.8813746e+02
   3.4272564e+02   7.8525616e+01   8.5438250e+01
   2.7194662e+02   9.0570596e+01   3.5633401e+02
   3.5405931e+02   9.6907757e+01   8.3040175e+01
   8.0857773e+01   7.9991053e+01   3.5832766e+02
   3.1572899e+02   9.7011929e+01   9.8699674e+01
   1.9482356e+01   4.5825515e+01   2.6272223e+02
   1.7689317e+02   9.6268597e+01   1.6506101e+02
   3.1538108e+00   9.5128216e+01   9.1715381e+01
   1.7566960e+02   6.4381327e+01   3.0493596e+02
   9.1987627e+01   9.1978880e+01   1.7438055e+02
   2.3090683e+00   8.1231928e+01   2.5177840e+02
   2.0944949e+02   7.1713518e+01   3.5540771e+02
   2.6913112e+02   1.0671657e+02   1.7699161e+02
   3.2818577e+02   1.4992842e+02   3.1453719e+02
   8.4927699e+01   9.1772064e+01   3.4973351e+02
   2.9834212e+02   1.7424780e+01   5.5488586e+01
   2.7131548e+02   7.6871082e+01   1.4549065e+02
   3.1893256e+02   1.2184900e+02   1.1129458e+02
   3.1603594e+02   1.6318988e+02   4.6448840e+01
   6.2851137e+01   8.6236983e+01   2.1202903e+02
   2.6621908e+01   1.2939246e+02   2.8856654e+02
   3.5658480e+02   7.4688101e+01   2.5999608e+02
   6.5421988e-01   9.0651010e+01   1.2852649e+01
   2.6578652e+02   8.1884867e+01   1.8674487e+02
   7.8431461e+01   8.2538195e+01   2.7467248e+02
   1.8673187e+02   9.4154461e+01   2.9008446e+02
   2.1548774e+02   1.6474264e+02   3.0413351e+02
   1.7244381e+02   9.7765432e+01   9.5921747e+01
   1.8243073e+02   9.0917847e+01   3.5969633e+02
   1.0481191e+02   1.0444828e+02   1.7825897e+02
   9.6942247e+01   1.4524884e+01   2.1911728e+02
   7.6573163e+01   6.7401182e+01   3.1148459e+02
   2.7619955e+02   9.8530244e+01   8.6883782e+01
   2.7014365e+02   9.9594482e+01   6.3672740e+00
   1.1832265e+02   1.1477819e+02   3.4100783e+02
   8.2054602e+01   8.7868442e+01   3.5670412e+02
   2.3789589e+02   7.0062697e+01   1.1656856e+02
   1.7285846e+02   8.1483308e+01   3.4808970e+02
   2.9355363e+02   1.3263216e+01   3.3412273e+02
   7.6182717e+01   5.0565388e+01   1.8719912e+02
   1.2534565e+02   1.6151829e+02   1.1884860e+02
   2.9920706e+02   1.1994005e+02   2.6386676e+02
   2.7607679e+02   7.3545119e+01   1.7586586e+02
   7.9527045e+01   1.2218179e+02   2.3272848e+02
   6.4089826e+00   9.3051126e+01   2.6959517e+02
   2.6038565e+02   1.1744773e+02   2.4693748e+02
   2.3814458e+02   1.2484670e+02   1.3349203e+02
   2.2600182e+02   4.4566538e+00   1.3684256e+02
   8.1354854e+01   1.9373912e+01   2.5524246e+02
   7.6882668e+01   7.4698794e+01   7.4636691e+00
   1.8811442e+02   8.4420479e+01   3.5115689e+02
   2.7558069e+02   1.0054880e+02   3.4968715e+02
   2.7565813e+02   8.9849791e+01   9.6852950e+01
   2.6706170e+02   2.7381390e+01   1.9809061e+02
   3.5635732e+02   9.4834716e+01   8.2300435e+01
   1.1918467e+02   1.4594206e+01   1.5909953e+02
   3.2119966e+02   3.8337592e+01   1.6312285e+02
   8.9307722e+01   9.5955210e+01   1.7322623e+02
   2.5975808e+02   1.5878659e+02   2.5370539e+02
   1.4797156e+02   1.1356630e+02   2.6005757e+02
   2.5759893e+02   1.0831848e+02   6.7665418e+01
   3.3896978e+02   1.2486850e+02   3.2063647e+02
   3.3674679e+02   1.4468910e+01   8.5850091e+01
   2.0399192e+02   1.1279635e+02   5.7092402e+01
   1.2723072e+01   6.5985153e+01   1.3763147e+01
   2.6867373e+02   8.5306543e+01   6.0506281e+00
   2.1679437e+01   9.5474070e+01   2.2017512e+02
   2.7383988e+02   1.6761800e+02   1.0133516e+02
   6.7855329e+01   2.8121512e+01   1.5352389e+02
   9.6578494e+01   1.7612292e+02   1.0026695e+02
   1.3541152e+02   1.0399007e+02   3.1959277e+02
   8.0360644e-01   1.8980017e+01   1.9869372e+02
   2.0472293e+02   3.8742356e+01   2.0084520e+02
   2.4085156e+02   1.2076073e+02   1.3084978e+02
   3.4062777e+02   1.0118662e+01   2.8420404e+02
   3.2579492e+02   1.4384835e+02   1.3436044e+02
   1.8275277e+02   7.2836189e+01   8.1321647e+01
   2.8059475e+02   1.2496021e+02   1.9321544e+02
   1.7573924e+02   1.0419305e+02   1.7939985e+02
   3.1899908e+02   9.4267279e+01   2.2367353e+01
   2.8060080e+02   8.7437130e+01   8.0765937e+01
   2.7976454e+02   9.1465518e+01   8.6927842e+01
   2.3545668e+02   5.1624171e+01   2.1732034e+02
   1.8191737e+02   8.8499027e+01   2.8449941e+02
   8.4389183e+00   9.5582130e+01   7.6669304e+01
   1.7383815e+02   1.7181702e+02   2.6761035e+02
   7.2426831e+01   9.4443064e+01   8.4948511e+01
   4.5473139e+01   7.3645231e+01   3.9864987e+01
   4.9485541e+01   1.4608021e+00   4.0902958e+01
   9.5645964e+01   1.6426808e+02   4.1540793e+00
   1.8178761e+02   9.4341522e+01   7.0243910e+01
   1.8235147e+02   1.7289197e+02   2.6703792e+02
   2.3890687e+02   4.2576496e+00   3.0268013e+02
   5.7827768e-01   8.3275262e+01   6.6165825e+01
   1.8872235e+02   9.8008845e+01   2.6197878e+02
   2.5461732e+00   9.7438155e+01   3.5325838e+02
   1.7757649e+02   8.7230800e+01   1.9587271e+02
   6.2619670e+01   6.8935107e+01   1.8277700e+02
   2.2819048e+02   1.1030189e+02   1.8140067e+02
   1.7372648e+02   8.8557271e+01   1.9641556e+02
   9.5385313e+01   8.4999054e+01   3.5731551e+02
   8.0886834e+01   7.9760944e+01   9.6138599e+01
   2.7597767e+02   8.0488423e+01   2.7017045e+02
   2.9449334e+02   9.5279224e+01   1.4699949e+02
   1.6167521e+02   7.0681581e+01   2.2772711e+02
   2.9121342e+02   1.1061922e+02   2.7306406e+02
   1.0333466e+01   1.0519718e+02   2.3161107e+02
   3.5423605e+02   8.1784628e+00   1.8656224e+02
   1.2610430e+01   6.7138026e+01   2.6718771e+02
   8.5345479e+01   8.9931213e+01   1.8098907e+02
   1.3805733e+02   1.0274993e+02   1.3171201e+02
   1.1042701e+02   9.8318538e+01   1.4321705e+02
   1.8855476e+02   9.8103481e+01   9.6313729e+01
   9.4678094e+01   9.4541094e+01   1.7611555e+02
   4.3180874e+01   1.1785265e+01   1.3307109e+02
   3.0614772e+02   5.2000956e+00   2.2355254e+02
   2.9727726e+01   1.6624877e+02   2.1129942e+02
   2.7446320e+02   9.8783881e+01   2.7358946e+02
   1.4269391e+00   8.9948295e+01   1.6959545e+02
   1.1510341e+02   1.2379771e+02   2.0607028e+02
   9.5934087e+01   9.0751923e+01   2.7010144e-01
   1.9033467e+02   9.2214401e+01   3.5598233e+02
   8.2990783e+01   5.9670287e+01   3.2139225e+01
   3.5577350e+02   9.1028174e+01   1.6893260e+01
   8.2680584e+01   1.0265237e+02   1.6597118e+02
   1.5900910e+01   9.1168488e+00   5.7584731e+01
   2.8322861e+02   6.3977612e+00   7.0062126e+01
   3.1898668e+02   5.6644896e+01   2.9918870e+02
   3.5092545e+02   1.0863884e+02   6.5365686e+00
   9.8742752e+01   7.8392175e+01   1.0599613e+02
   1.7542342e+02   9.7379886e+01   2.3244056e+01
   9.6409767e+01   1.0540940e+02   4.3915867e+00
   2.8632672e+02   9.9543867e+01   3.5694298e+02
   7.6917412e+01   9.7522543e+01   7.8493992e+01
   1.4788324e+01   1.4899267e+02   2.1242367e+02
   5.2146525e+01   1.0868657e+01   1.2735547e+02
   1.7510870e+02   8.4096880e+01   8.6156773e+01
   3.1269575e+01   1.5278307e+02   2.9153585e+02
   2.5629409e+02   7.0794051e+01   1.9859046e+02
   2.3170033e+02   9.7902674e+01   3.2720738e+02
   1.8308757e+02   9.1356216e+01   9.0467529e+01
   9.5746706e+01   8.7570097e+01   6.1542926e+01
   9.7507965e+01   8.6508620e+01   1.8006339e+02
   9.0134404e+01   1.0073993e+02   1.9782542e+02
   3.4346423e+02   3.1065139e+01   7.7506570e+01
   3.6464810e+00   9.0831164e+01   1.7538863e+02
   2.3825052e+02   6.0469320e+01   1.0581286e+02
   2.0698622e+02   1.7069865e+02   3.2053643e+02
   1.0137804e+02   1.0627715e+02   3.1016530e+02
   8.2932655e+00   8.3877282e+01   2.7458844e+02
   2.8041520e+02   1.0430487e+02   3.2550368e+02
   2.6614321e+01   1.3388495e+02   2.7334128e+01
   8.8017261e+01   8.7785833e+01   1.8933881e+02
   1.0427890e+02   7.0834011e+01   3.1213763e+02
   2.7653787e+02   9.9097433e+01   1.0952380e+02
   6.6295147e+01   7.3180625e+00   1.2010578e+02
   1.1927594e+02   1.2996282e+02   3.3201878e+02
   1.8212126e+02   8.4528332e+01   1.8138020e+02
   7.3274976e+01   4.0075569e+01   3.2295857e+02
   3.9475709e-01   9.8048346e+01   9.6165707e+01
   8.9014306e+01   9.6648926e+01   7.7516846e-01
   3.1587322e+02   1.7740229e+02   2.3710686e+02
   2.1103640e+02   1.6733827e+02   2.4164015e+02
   2.0196575e+02   1.5222971e+02   1.3683142e+02
   1.8047105e+02   8.9278955e+01   2.6626685e+02
   1.7345220e+00   5.7350354e+01   7.8720640e+01
   4.7779769e+00   8.9758086e+01   1.8681500e+02
   2.4872906e+02   1.5515464e+02   1.3480946e+02
   1.6060128e+02   1.7571798e+02   2.5099534e+02
   3.5001223e+02   9.0292098e+01   2.7962516e+02
   1.7177241e+02   8.9092121e+01   2.7584503e+02
   1.0688842e+02   4.1180003e+01   2.1013816e+02
   1.7983630e+02   5.7479505e+01   8.8143804e+01
   2.7685969e+02   8.5730919e+01   3.5164622e+02
   7.8601510e+01   9.4436295e+00   1.8023069e+02
   3.4426811e+02   8.6205584e+01   3.4876521e+02
   1.0203051e+02   9.0670212e+00   3.4200673e+02
   2.9504193e+02   1.1607461e+01   2.4861705e+02
   3.2678513e+01   1.6377613e+02   3.0360404e+02
   1.0022606e+01   1.1151641e+02   2.7197617e+02
   2.0539383e+02   1.7291964e+02   2.1242405e+02
   1.4519701e+02   1.4358245e+02   3.3672446e+02
   3.4673878e+02   1.0007800e+02   3.4734583e+02
   2.2549746e+02   9.6251064e+01   1.5096971e+02
   2.3495753e+02   8.0717645e+01   2.3418049e+02
   2.3188709e+01   7.7655926e+01   1.6401972e+01
   1.8151361e+02   9.1686444e+01   8.3928183e+01
   9.8646740e+01   1.1149782e+02   9.4085180e+01
   2.2595127e+02   1.2592953e+02   1.2517699e+02
   2.7834519e+02   1.6040572e+01   7.6484566e+01
   2.6702712e+02   1.0640618e+02   2.8403620e+02
   1.7616131e+02   1.3386137e+02   1.0593613e+02
   4.1826664e+00   8.9322405e+01   1.1093665e+02
   2.0573961e+00   9.1859524e+01   3.8318113e+01
   1.6028148e-01   8.8008597e+01   2.6474505e+02
   1.7534149e+02   1.3894750e+02   3.0902799e+02
   7.2599476e+01   1.0913321e+02   1.6299963e+02
   2.6795475e+02   3.3531855e+00   2.1922842e+01
   3.5992147e+02   8.9008009e+01   1.7921848e+02
   2.7660264e+02   1.0351457e+02   2.7562995e+02
   3.5815892e+02   2.5735307e+01   6.9508925e+00
   1.1587156e+01   7.6220056e+01   8.3623534e+01
   2.8810449e+02   1.1358907e+02   9.5060716e+00
   2.5428964e+02   1.3670020e+02   4.7092029e+01
   8.4236939e+01   1.5350915e+02   2.8824889e+02
   1.4586299e+02   1.0337664e+02   1.4998685e+02
   2.5319458e+02   8.6805757e+01   3.5604307e+02
   1.1067205e+02   1.7687731e+02   2.4328068e+01
   8.2077412e+01   7.2318861e+01   3.5603035e+02
   2.5350331e+02   6.1367193e+01   3.4429675e+02
   3.0423987e+02   9.0865418e+00   3.1341546e+02
   1.8011145e+02   8.4088381e+01   1.7945319e+02
   1.0626130e+02   7.1834879e+01   1.8999302e+02
   1.3704461e+02   1.7170469e+02   1.4904155e+02
   2.7309021e+02   9.2557012e+01   3.5435605e+02
   2.6382550e+02   8.5972469e+00   1.9391468e+02
   1.7701299e+02   8.9088371e+01   7.7753077e+01
   2.7498733e+02   1.0985882e+02   1.8721345e+02
   2.6878313e+02   9.1303895e+01   1.7554485e+02
   3.1752110e+02   2.3598954e+01   3.5613528e+02
   2.2873746e+01   8.9397041e+01   3.4418089e+02
   1.7666975e+02   8.8206704e+01   2.5817859e+02
   1.8049133e+02   9.1049771e+01   2.7821213e+02
   1.8506532e+02   1.0048014e+02   1.8476758e+02
   2.6119588e+02   8.5068538e+01   9.7271812e-01
   3.5838587e+02   9.1593945e+01   2.7223549e+02
   2.2452649e+02   7.4229075e+01   2.0688149e+02
   2.1479589e+02   1.0793669e+02   1.1632536e+02
   9.4406139e+01   6.9022268e+01   2.7105815e+02
   2.8456278e+02   1.2051573e+02   3.2980983e+02
   2.1582398e+02   2.5519702e+01   3.0000818e+02
   3.0504162e+02   1.3200608e+02   9.7109972e+01
   2.0140203e+02   1.7500185e+02   2.9208852e+02
   1.7441476e+02   7.3060040e+01   2.8648185e+02
   2.1205573e+02   2.9517241e+00   5.3865256e+01
   3.4402035e+02   9.8019615e+01   9.3255215e+01
   1.9418540e+02   7.9859896e+01   2.6343978e+02
   2.6018902e+02   9.8826220e+01   7.4580499e+00
   5.7068351e+01   8.6848411e+01   3.2727793e+02
   3.4292027e+02   6.3164944e+00   2.7932425e+02
   2.3901708e+02   3.5051461e+01   1.5083544e+02
   3.1575652e+02   7.2323696e+01   2.9617723e+02
   2.4976963e+02   7.6687257e+01   1.0229063e+02
   5.5806121e+00   8.1146487e+01   3.4868814e+02
   4.2325012e+01   1.3748538e+02   1.3872874e+02
   2.8069412e+02   9.5002924e+01   2.6458670e+02
   2.9219414e+02   1.6435010e+02   1.2257544e+02
   2.5762104e+02   1.7208297e+02   2.5724766e+02
   2.7270958e+02   6.3336155e+01   1.9126443e+02
   2.5842433e+02   7.0847226e+01   3.4889140e+02
   8.2339871e+01   9.5272438e+01   9.4719254e+01
   1.7765835e+02   7.4535522e+01   1.6005902e+01
   8.2408131e+01   5.3484086e+01   3.5686629e+02
   9.0986302e+01   6.3135912e+00   1.8633926e+02
   1.8359786e+02   6.0240405e+01   1.7117276e+02
   2.4923794e+02   9.3734650e+01   2.7882100e+02
   2.6367913e+02   9.7833730e+01   1.8507343e+02
   5.2315772e+01   1.5868184e+02   3.3425153e+02
   3.0272022e+01   8.9680201e+01   2.4533176e+02
   1.1449783e+02   1.0525200e+02   1.8111507e+02
   1.8046244e+02   1.0437351e+02   1.6382749e+02
   2.7128128e+02   8.4478431e+01   1.7071554e+02
   1.7059166e+02   9.6584983e+01   7.2801041e+00
   1.6107769e+02   1.0859910e+01   2.8540986e+02
   7.8757655e+01   1.0490885e+02   9.4030714e+01
   2.1970103e+02   4.7257733e+00   1.2128368e+02
   3.4923332e+02   3.8144544e+01   3.3286061e+01
   4.7601858e+01   1.2936724e+02   3.5274614e+02
   3.4853498e+02   1.4020668e+02   1.0470728e+02
   8.8059018e+00   1.7646526e+02   1.9042108e+02
   3.4031975e+02   9.3159288e+00   2.8721717e+02
   2.7811801e+02   2.4006689e+01   2.5096011e+02
   2.8769821e+02   1.0126196e+02   1.1453866e+02
   2.6070860e+02   1.0199953e+02   9.3517866e+01
   3.4759466e+02   8.9391077e+01   9.8474515e+01
   3.5226158e+02   6.8747114e+01   2.1442206e+02
   3.2985050e+02   5.9948683e+01   3.2730151e+02
   8.0235557e+01   9.1734170e+00   2.5415967e+01
   2.7700271e+02   8.7974555e+01   1.0802171e+01
   7.5167005e+01   7.7874646e+01   5.3940867e+00
   1.8202560e+02   9.6026607e+01   8.5816151e+01
   1.9048385e+02   6.4188166e+01   1.3062369e+02
   1.7474272e+02   8.2008719e+01   2.7854732e+02
   2.7195684e+02   9.9976047e+01   2.6456473e+02
   3.4980039e+02   6.2236291e+01   9.9506546e+01
   1.0088427e+02   1.2624271e+01   3.5886043e+02
   9.5147811e+01   1.1165448e+02   1.8000041e+02
   1.7581090e+02   1.0435036e+02   2.7338030e+02
   1.8299649e+02   7.0061350e+01   1.9597946e+02
   3.5483743e+02   7.8105917e+01   9.4724005e+01
   1.7511470e+02   1.4052137e+02   3.5848731e+02
   3.1213407e+02   1.5765004e+02   3.0864817e+02
   1.7881854e+02   2.6048781e+01   2.5559510e+02
   1.8951188e+02   9.6086734e+01   1.6875898e+02
   1.1607308e+02   9.2500896e+01   2.7671804e+02
   2.5006980e+02   7.9004704e+01   2.5467433e+02
   8.5850842e+01   9.9125166e+01   9.1870238e+01
   2.6104796e+02   9.7435506e+01   3.4362958e+02
   3.5699078e+02   9.1547501e+01   8.8395121e+01
   8.9145564e+01   8.7279993e+01   1.8013789e+02
   9.9645033e+01   7.8407014e+01   2.5925095e+02
   2.5631853e+02   8.3879350e+01   2.5808148e+02
   2.1485937e+02   9.1836771e+00   4.4338800e+01
   3.1066171e+02   1.7717438e+02   3.0083436e+02
   1.2691500e+02   1.6856992e+02   2.1539563e+02
   1.6711583e+02   1.0197439e+02   2.5598971e+02
   1.6838706e+02   4.9646080e+00   7.6824128e+00
   2.4860412e+02   1.4610326e+02   3.0760388e+02
   2.3144943e+02   1.8430853e+01   4.3506966e+01
   2.7377195e+02   8.7975244e+01   1.6515432e+02
   2.1760042e+02   1.0699941e+01   3.3043321e+02
   2.7983009e+02   7.9403655e+01   4.3303851e+00
   7.2417503e+01   1.1848895e+02   1.0583409e+02
   1.9390509e+02   1.1802619e+02   3.0354316e+02
   1.3848918e+02   8.9554269e+01   3.5126667e+02
   4.7507835e+01   1.1364560e+01   1.2898041e+02
   3.3603018e+02   1.2014268e+01   2.9232159e+02
   2.8656934e+02   1.2503931e+02   2.3844259e+02
   9.1562596e+01   9.2408512e+01   9.3603279e+01
   5.8273391e+01   1.0697535e+02   1.4795095e+02
   1.3421241e+02   9.4242015e+00   3.6482348e+01
   3.5214527e+02   8.2204320e+01   9.8088140e+01
   1.8242879e+02   1.0008416e+02   3.5386488e+02
   1.8552276e+02   9.1985257e+01   2.6186784e+02
   1.3613214e+02   5.4667093e+00   1.3732783e+02
   2.3974667e+02   1.2762008e+02   6.1913893e+01
   2.5415722e+02   9.3526008e+01   2.6646503e+02
   1.1409893e+02   8.8922436e+01   1.6295192e+02
   1.7844843e+02   9.9428723e+01   2.9866969e+00
   3.0638040e+02   1.7187131e+02   4.4143467e+01
   3.4843797e+02   8.1448448e+01   2.6286145e+02
   1.2090026e+02   6.7815925e+01   3.2625440e+02
   3.5386694e+02   1.7387393e+02   3.5514751e+02
   3.6390744e+00   9.6826291e+01   8.6132815e+01
   1.7863393e+02   9.5433558e+01   1.8756168e+02
   2.2081089e+02   2.1264363e+01   3.0763574e+02
   1.7749290e+02   8.8427955e+01   1.7543067e+02
   3.1323645e+02   1.7573625e+02   3.8109936e+01
   1.9050237e+02   8.6223693e+01   1.0050517e+02
   1.3615262e+02   1.0078789e+01   3.8759957e+01
   1.0633901e+02   5.8419477e+01   1.1693349e+02
   1.0815118e+02   1.6648829e+02   1.0834650e+02
   2.6475343e+02   9.0438377e+01   2.8963783e+02
   1.6990170e+01   1.6672535e+02   3.1077046e+02
   2.8827950e+02   3.6547417e+01   1.8774106e+02
   1.8281961e+02   9.3842511e+01   1.7737848e+02
   7.1881107e+01   8.8401696e+01   3.2919858e+02
   3.5187828e+02   9.7457479e+01   8.3353613e+01
   2.1628756e+02   6.0746220e+00   3.2265843e+02
   1.2196614e+02   1.6380979e+02   3.0825317e+02
   1.5767081e+02   7.5272300e+01   1.0035629e+02
   1.3818628e+02   6.3877717e+01   3.3344337e+02
   2.6103369e+02   1.0297898e+02   2.6785042e+02
   1.9437047e+02   1.6193861e+02   3.0995526e+02
   1.4209608e+02   7.0146922e+01   1.1298841e+02
   1.1123814e+01   8.9491282e+00   1.7519867e+02
   1.7529561e+02   8.1965165e+01   7.8980127e+01
   1.0741612e+02   9.9930887e+01   1.6927578e+02
   3.5595520e+02   9.4820191e+01   1.8580727e+02
   2.7752130e+02   9.6925585e+01   9.3215280e+01
   1.5528618e+02   5.8464094e+01   4.4985274e+01
   2.1889526e+01   1.7249813e+02   2.1036614e+02
   5.7660408e+01   1.3830411e+02   2.4089555e+02
   1.7202200e+02   1.0203243e+02   3.4265554e+02
   7.9244347e+01   6.8390907e+01   2.8212318e+02
   9.7736145e+00   6.5325057e+01   1.3889716e+02
   1.9169421e+02   6.3194061e+01   1.3934271e+02
   1.6470008e+02   9.3862671e+01   8.3686809e+01
   2.6359921e+02   8.6566147e+01   2.6121397e+02
   8.8831907e+01   9.2872998e+01   8.6215099e+01
   7.0695693e+00   1.7254552e+01   2.6541872e+02
   2.5145685e+02   9.0916141e+01   3.5734931e+02
   3.3130017e+00   9.2426553e+01   1.4009003e+01
   6.6047674e+00   1.0084992e+02   8.4414563e+01
   6.1656196e+01   1.0656720e+01   2.0390513e+02
   2.5790738e+02   4.8313571e+01   3.0660192e+02
   3.5265778e+02   7.2898395e+01   3.5034342e+02
   3.5993945e+02   8.5063535e+01   9.0057233e+01
   1.1320128e+00   7.8421165e+01   1.6166664e+02
   1.3547582e+02   1.7965819e+01   2.9828988e+02
   2.8713000e+02   8.4407496e+01   9.3434025e+01
   3.5637965e+02   9.1247489e+01   1.8128546e+02
   3.8247164e+01   1.7214970e+02   2.5294676e+01
   1.7818529e+02   9.3117316e+01   2.6872950e+02
   3.4258907e+02   8.7956957e+01   8.1206556e+01
   8.0569523e+01   3.5803280e+01   3.0081233e+02
   8.6213466e+01   1.0044810e+02   1.2633527e+01
   3.3389619e+02   1.5146190e+02   3.2133432e+02
   2.8246183e+02   1.6143564e+02   1.9147040e+02
   2.4266802e+02   1.1711925e+01   2.1560364e+02
   1.5185139e+02   2.3775382e+00   2.2110806e+02
   1.8622066e+02   9.3697653e+01   4.8455187e+00
   1.8576869e+02   1.6893494e+02   1.8132699e+02
   1.3124839e+02   5.9628620e+01   2.7051975e+02
   2.7044845e+02   7.8099501e+01   1.8602477e+02
   3.1772080e+02   8.9442235e+01   2.4286520e+02
   3.7218618e+01   1.2969159e+02   4.3300486e+01
   1.7934416e+02   8.5132600e+01   3.4857970e+02
   8.4513721e+00   1.6327732e+02   1.0628523e+01
   9.8016775e+00   1.9113896e+01   2.2088892e+02
   5.7619007e+01   1.5046864e+02   2.6351877e+02
   2.3176218e+02   6.8236685e+01   3.4289589e+02
   3.5684630e+02   1.1107677e+02   2.5766060e+02
   1.9093008e+02   8.3352381e+01   3.5476420e+02
   2.8313392e+02   3.3851082e+01   2.2549743e+02
   1.7867705e+02   8.9835975e+01   9.9738467e+01
   1.2907152e+02   6.2241739e+01   1.6878029e+02
   2.0885241e+02   1.1049530e+01   2.4468672e+02
   1.6287412e+02   4.7268047e+01   1.7500549e+02
   3.5736541e+02   8.7501235e+01   1.7806446e+02
   1.3859584e+02   5.2996116e+01   3.1187026e+02
   4.6088847e+01   1.0640360e+01   4.3394944e+01
   2.8856829e+02   9.5192986e+01   3.5828811e+02
   2.5280520e+02   9.6301539e+01   2.7737836e+02
   3.2295856e+02   1.4198028e+02   2.9438014e+02
   1.7648340e+02   9.5087348e+01   3.5921082e+02
   9.0689059e+01   8.6481510e+01   1.8473996e+02
   3.5189362e+02   1.0801894e+02   2.7066756e+02
   3.3907635e+02   6.4535695e+01   2.1901845e+02
   1.8540759e+02   8.0077532e+01   1.1031545e+02
   2.7091826e+02   8.2602006e+01   1.6467482e+02
   2.7432000e+02   8.7656444e+01   8.7862061e+01
   2.6933511e+02   7.8680609e+01   2.7918837e+02
   7.9582954e+01   1.7518235e+01   2.0455686e+02
   7.6650860e+01   8.5794719e+01   1.8523162e+02
   2.8854735e+02   6.9407377e+00   6.5556009e+01
   5.9832718e+01   1.8889957e+01   2.9664621e+02
   1.8248945e+02   9.3791693e+01   6.1708234e+00
   2.8091948e+02   1.4486227e+02   1.8250313e+02
   1.2031541e+01   1.6443810e+02   1.0167076e+02
   3.4241301e+02   1.7462239e+02   3.5210414e+02
   1.7487262e+02   1.5021072e+01   7.4972268e+01
   1.8309821e+02   8.1750619e+01   1.8658673e+02
   2.6393296e+02   9.4795940e+01   3.5542012e+02
   3.5029401e+02   8.2937111e+01   1.7355785e+02
   1.6314102e+02   4.8747166e+01   3.1139793e+02
   1.8778173e+02   1.1612874e+02   2.4198221e+02
   3.5545476e+02   1.0674342e+02   2.8084002e+02
   2.6381051e+02   8.0587168e+01   1.9919297e+02
   1.9496679e+02   1.7462188e+02   1.1479920e+02
   6.1124736e+01   1.6426329e+02   6.3579228e+01
   3.4161594e+02   1.5439271e+02   1.0389007e+02
   6.1255210e+01   8.4925999e+01   3.2610586e+02
   1.8373194e+02   9.5598212e+01   9.3659617e+01
   2.8745423e+02   9.6702691e+01   7.9495602e+01
   2.6981798e+02   9.8958677e+01   2.6807691e+02
   3.5669604e+02   8.9186113e+01   9.9631123e+01
   2.4757918e+02   5.3857553e+01   2.1404332e+01
   9.3423797e+01   1.7125701e+02   8.8493339e+01
   1.2958969e+02   8.5304341e+01   1.9025940e+02
   3.3106782e+02   1.6673438e+02   3.4489239e+02
   9.2219561e+01   9.3087481e+01   1.9528585e+02
   2.6133425e+02   9.0512611e+01   9.3251510e+01
   1.6219985e+02   8.8329491e+01   1.0040980e+02
   1.8144532e+02   8.6946512e+01   3.5360065e+02
   1.1406111e+02   6.4548084e+00   2.5635012e+02
   2.8221093e+01   1.2549603e+02   1.8296700e+02
   3.5326212e+02   9.1343971e+01   3.5806143e+02
   1.0666821e+02   1.1358762e+02   1.7566810e+02
   2.7102193e+02   7.9002991e+01   3.0590158e+02
   2.8253108e+02   6.9227414e+01   3.1816330e+02
   2.5676445e+02   7.8840439e+01   3.3532945e+02
   3.5540205e+01   1.1170643e+02   5.4176178e+01
   1.5230089e+02   4.0493788e+01   1.1254509e+01
   1.8104321e+02   9.3558945e+01   1.3329708e+00
   1.7096945e+02   8.3324490e+01   2.7187586e+02
   3.2920206e+02   2.0548654e+01   7.0532704e+01
   1.5245235e+02   3.2753531e+01   2.2931049e+02
   2.7934931e+02   9.8648766e+01   1.1456196e+01
   6.7816871e+01   1.0722031e+02   3.5674078e+02
   4.3304815e+01   1.0719060e+02   2.7030123e+02
   9.8403360e+01   1.3852330e+02   1.1118031e+02
   2.3911463e+02   1.2118579e+02   1.5324210e+02
   3.0058148e+02   9.2020417e+01   2.2585237e+02
   2.4567410e+02   1.7555521e+02   2.4380561e+02
   1.7438849e+02   9.7064336e+01   8.4939288e+01
   2.8506265e+02   9.4038466e+01   1.2178115e+01
   3.5536953e+02   9.6105162e+01   1.8774427e+02
   2.7741532e+02   1.0497920e+02   8.3921793e+01
   3.5815585e+02   8.6419305e+01   2.7378463e+02
   1.7233059e+02   8.7056337e+01   1.5765170e+01
   1.3207562e+02   3.3294102e+01   2.2456126e+02
   3.3917127e+02   1.1640955e+02   2.1173459e+02
   5.6324312e+01   7.4472847e+01   1.1068987e+02
   1.0925127e+02   8.7542823e+01   7.9588373e-01
   2.9381530e+02   7.9550263e+01   1.1709787e+02
   2.7211118e+02   9.1421442e+01   8.8112588e+01
   2.5182157e+02   9.7471357e+01   3.3998276e+02
   3.4390496e+02   4.4126088e+00   1.7202753e+01
   1.2535468e+02   6.6972283e+00   5.1621189e+01
   9.0789532e+01   9.9036590e+01   3.4937094e+02
   2.5983217e+02   8.2140160e+01   3.5714441e+02
   1.6593498e+02   6.8347358e+00   9.4947718e+00
   2.3182159e+02   4.8400265e+01   3.1243539e+02
   1.8017674e+02   9.8307714e+01   3.4849370e+02
   1.8520977e+02   8.6872337e+01   2.0884978e+02
   2.0554395e+02   1.3988308e+02   2.2792925e+02
   4.5007488e-01   9.3822709e+01   2.0034376e+02
   3.4364980e+02   9.4632265e+01   1.9294761e+02
   9.9204751e+01   8.4501154e+01   1.8810619e+02
   8.5517544e+01   9.0565590e+01   1.8025312e+02
   3.5496197e+02   1.6641187e+02   1.6595646e+02
   1.0441152e+02   9.3164739e+01   5.4996634e+00
   3.4658307e+02   1.7271408e+02   7.0058228e+01
   1.8507046e+02   1.0514838e+02   7.9169865e+01
   2.6691693e+02   9.0480322e+01   2.6131629e+02
   1.7895151e+02   1.7196832e+02   2.6873844e+02
   9.1158336e+01   8.0309677e+01   3.5603557e+02
   3.0565189e+02   1.1020445e+02   1.3311610e+02
   1.0065053e+02   1.6969519e+01   2.6516666e+02
   2.7122288e+02   1.2714680e+02   1.9122770e+02
   2.6856192e+02   9.1238528e+01   9.0341765e+01
   3.9046582e+01   5.1868809e+01   2.5035451e+02
   3.2069179e+02   4.7031709e+01   2.6476417e+02
   4.9879506e+01   7.0804375e+00   1.2949857e+02
   1.2854841e+02   6.0396507e+01   2.3137898e+02
   9.6017840e+01   9.4295199e+01   3.5629564e+02
   1.5751052e+00   8.4518870e+01   1.9165800e+02
   5.4212776e+01   5.4472565e+01   2.7745876e+02
   2.8453729e+02   3.0400004e+01   8.0855212e+01
   1.7610521e+02   8.2579773e+01   9.6605844e+00
   3.5925382e+02   1.6238215e+02   2.6886993e+02
   1.9209583e+02   5.3112927e+01   1.5545881e+02
   2.8086593e+02   8.5116172e+01   1.8390430e+02
   1.1048492e+02   6.3104393e+01   1.0099967e+02
   2.5780630e+02   1.6283045e+02   1.6381049e+02
   5.4491336e+01   2.1496519e+00   1.4114032e+02
   1.2443793e+02   6.9380795e+00   1.2911817e+02
   3.3351707e+02   1.6712311e+02   6.0080191e+01
   3.5338261e+02   1.0118799e+02   1.8051850e+02
   1.4922660e+02   7.5132881e+01   2.9696480e+02
   1.2928885e+00   8.6292545e+01   1.7312733e+02
   1.7651304e+02   9.8785390e+01   7.7582103e+01
   1.9961745e+02   1.0383092e+02   8.9461472e+01
   2.5397014e+02   5.5941406e+00   9.9749660e+01
   3.4991846e+02   8.8899828e+01   2.3108392e+00
   9.4305650e+01   8.7354805e+01   2.7617733e+02
   2.6362079e+02   1.6074413e+02   2.0435616e+02
   8.2398752e+01   7.8340983e+01   2.5637071e+02
   2.5871692e+01   1.6203247e+01   2.6083540e+02
   8.6761902e+01   8.9767931e+01   3.5295366e+02
   1.8801686e+02   9.3101413e+01   2.7137901e+02
   2.4944331e+02   1.7711540e+02   3.3879135e+02
   1.3236158e+02   2.4732107e+01   3.2340214e+02
   5.0569711e+00   8.2516039e+01   1.5598973e+00
   2.6133107e+02   7.6837946e+01   2.8181674e+02
   2.5475059e+02   8.7909880e+01   2.7486008e+02
   2.6109850e+02   9.7253701e+01   1.8925528e+02
   1.3640763e+02   1.0280927e+02   2.7997761e+02
   1.1949739e+02   1.3247682e+02   1.4491069e+02
   6.4682863e+00   1.7391996e+02   1.9919957e+02
   5.9346776e+01   1.1423103e+02   2.4680636e+02
   1.0128282e+00   8.8998946e+01   1.7398584e+02
   1.3546376e+02   7.0167045e+01   2.9887072e+02
   1.8263943e+02   9.7881423e+01   2.7390832e+02
   2.1216501e+02   4.0484340e+01   2.9193180e+02
   1.2370398e+02   1.4938753e+02   3.0354099e+02
   2.7807635e+02   1.6984870e+02   1.9135932e+02
   2.8026000e+02   4.9400058e+00   2.5389603e+02
   1.1418627e+02   1.7675140e+01   8.0335515e+01
   2.6136570e+02   7.8508351e+01   2.6616497e+01
   8.9715337e+01   1.1249603e+02   2.6829773e+02
   9.8120083e+01   1.3711512e+02   1.2541411e+02
   9.5429844e+01   7.0903141e+01   1.6961978e+02
   1.0194974e-01   8.3383198e+01   9.0578268e+01
   9.0245404e+01   8.3692477e+01   3.3796406e+02
   1.8399201e+02   1.7131724e+02   1.7666941e+01
   3.5917465e+02   1.5954713e+02   2.7045891e+02
   1.1153698e+01   9.0761546e+01   2.5408071e+02
   3.0841240e+02   3.7191029e+01   2.6150999e+01
   3.5262704e+02   8.8235842e+01   8.4967447e+01
   1.1244994e+01   8.5840512e+01   1.8759226e+02
   1.9178142e+02   1.6792501e+02   6.8937536e+01
   5.3304872e+00   9.2454347e+01   2.7961379e+02
   1.1788427e+01   9.8237315e+00   2.7805340e+02
   1.7055624e+02   9.1892349e+01   2.4262872e+00
   3.0129516e+02   5.8595420e+00   5.5799672e+01
   3.1180128e+02   1.6392563e+02   2.1607154e+02
