122.809	172.92	170.112
174.916	0.897895	343.2
276.511	99.4408	83.2303
329.802	29.3124	250.615
270.846	89.594	29.871
260.702	90.4455	111.895
65.8703	8.8872	227.932
93.5456	120.662	256.718
131.643	53.2905	291.485
37.7966	67.3867	263.493
5.35584	51.9931	23.5064
261.979	175.249	75.7354
56.1386	60.093	127.233
51.1874	92.8003	49.9136
120.068	141.42	206.175
270.642	94.22	31.9845
87.0694	88.9789	277.58
219.168	61.5765	130.936
192.572	90.944	241.871
66.2761	55.9033	158.177
127.23	22.1642	153.297
132.088	94.239	132.693
11.1401	78.0719	192.039
135.837	169.037	50.999
167.676	59.4282	270.406
291.333	73.6625	209.966
274.833	92.4574	259.073
246.569	85.0902	66.4325
63.6678	151.5	155.391
127.474	83.88	104.688
307.629	86.1626	195.432
213.933	36.6002	224.294
155.287	89.3023	200.669
91.6507	12.5503	354.169
184.83	110.78	16.8294
111.304	98.9191	183.579
68.5362	97.495	127.36
240.278	54.1506	282.21
88.6256	113.788	93.0306
350.955	93.2057	17.9652
21.384	149.56	335.62
3.34351	114.684	277.182
67.1959	27.2513	154.787
189.662	54.3177	125.181
180.749	101.702	168.859
166.283	51.5508	258.721
144.41	92.0581	62.6275
348.063	88.2773	60.7625
348.759	81.8575	353.931
204.718	92.6327	264.352
105.408	59.1651	275.28
85.9049	112.245	119.571
167.845	105.665	80.8257
175.861	81.3085	248.19
187.085	96.9617	95.1881
195.687	104.535	348.418
302.178	96.1388	71.1685
244.856	127.749	284.447
204.432	55.8306	199.237
311.495	75.7061	210.284
138.193	107.014	281.481
355.599	81.9051	341.317
279.28	102.156	109.042
223.812	98.0445	177.545
162.919	98.3608	127.217
89.3708	107.008	86.55
279.826	97.6459	284.932
277.497	109.525	248.066
198.169	104.112	4.97954
349.886	61.575	138.54
152.627	63.6613	141.173
147.113	56.1972	107.866
105.363	93.8543	314.651
34.8023	106.254	337.152
49.8409	139.937	130.126
13.8373	92.7672	10.8934
252.307	50.0633	264.938
252.695	105.779	60.2285
307.158	114.031	258.226
222.221	41.8319	219.109
237.933	149.413	39.6826
152.822	29.8878	302.33
169.181	70.3101	212.725
219.059	86.7438	198.042
231.137	132.806	323.067
350.529	61.8494	20.4251
140.328	108.178	244.271
3.98348	69.6435	191.477
280.045	95.9189	351.082
33.9276	159.781	307.747
271.43	109.198	183.02
250.398	109.503	55.568
177.671	83.0451	290.934
249.189	105.172	172.077
16.5721	63.2594	94.4808
18.831	99.4871	356.141
171.297	60.8728	96.7696
190.797	51.545	191.674
144.559	74.731	255.973
16.1263	113.143	243.829
26.5427	124.154	112.343
274.609	167.812	81.5831
191.478	39.2119	144.317
34.1005	32.4415	341.985
207.529	107.826	97.6253
6.48334	89.5824	353.729
155.899	167.409	205.894
102.256	175.518	275.104
10.0498	162.16	318.241
338.183	43.2563	235.388
173.456	102.84	252.516
352.157	161.725	196.777
292.032	144.615	298.968
348.722	65.8062	85.0085
332.265	144.338	347.348
134.736	50.0357	92.5672
36.3582	145.835	357.532
134.662	83.3058	124.503
188.688	13.8453	278.253
43.5464	74.6274	168.166
159.746	62.7448	2.24238
109.759	49.1145	158.26
65.5708	36.9246	294.737
164.945	95.6938	277.826
106.071	99.7274	272.759
86.7377	86.5688	65.7476
35.0037	111.304	140.815
91.9594	62.4754	295.668
210.157	153.877	17.9403
120.657	37.9235	301.298
307.604	40.0954	0.431423
301.889	99.1162	192.745
355.909	161.207	265.626
2.33589	77.5452	93.3951
77.2362	80.42	192.586
177.462	87.9501	119.339
47.0302	68.5362	117.526
354.366	69.7295	161.862
52.2745	48.1811	116.159
276.691	92.9214	351.991
187.033	145.191	100.758
122.216	155.612	204.552
183.322	92.6069	188.922
243.592	138.97	195.502
241.085	24.2923	206.781
241.64	91.837	199.289
0.0866553	77.9864	242.646
238.788	115.68	90.5973
287.903	29.9607	270.845
301.543	115.673	85.8434
266.47	127.456	86.5689
279.371	168.913	275.905
107.986	81.4801	221.401
333.911	32.2826	288.067
35.6154	156.227	124.471
253.057	144.296	264.273
317.523	17.8238	236.225
35.2053	47.7479	118.065
115.136	77.2941	179.159
260.287	37.6082	269.606
196.228	168.052	93.7367
216.45	131.184	238.823
308.009	88.8229	318.019
188.92	55.9569	344.656
251.546	89.8663	199.117
173.467	110.044	172.294
277.211	166.654	176.093
151.791	153.715	217.032
254.922	102.738	165.298
317.512	94.2739	182.49
210.072	81.4035	303.173
123.221	124.143	204.858
20.2695	164.198	41.0704
254.386	19.2941	254.707
283.546	83.3883	94.0596
98.5445	115.097	118.175
209.733	140.247	24.656
100.955	116.213	69.9854
93.7354	90.66	74.3311
182.108	91.1514	258.253
137.594	159.253	279.327
31.7679	172.223	276.309
196.769	63.757	71.3128
349.653	82.9357	348.378
146.609	100.498	7.26604
331	18.1668	41.4131
343.796	127.343	105.548
93.0342	79.4154	274.998
230.936	64.4718	314.223
144.833	137.026	120.922
343.815	82.2984	300.808
199.785	96.7443	165.154
196.078	178.859	204.036
197.639	120.65	170.544
225.236	71.6649	28.2828
241.28	58.0571	108.002
335.824	72.1227	19.0398
298.687	91.1515	262.174
68.7907	75.6044	121.381
278.602	84.6576	280.26
353.504	158.355	160.382
115.482	155.917	189.172
288.088	157.736	222.303
290.236	102.026	287.883
74.4392	84.6277	78.1
66.807	31.7336	22.7901
359.02	44.5407	92.561
276.29	85.0295	28.2719
24.1208	113.19	10.4364
212.816	112.799	358.089
275.425	62.7638	340.675
332.04	108.365	191.004
121.297	69.5351	344.277
18.8248	137.179	191.597
258.359	82.5614	243.354
203.114	85.7084	85.6906
218.152	146.139	39.514
212.324	168.343	160.621
215.004	133.457	254.02
250.225	47.8498	135.263
33.2081	91.2862	276.938
279.789	112.165	98.575
113.856	49.3204	331.072
15.5956	171.464	273.93
314.245	77.6954	345.885
328.097	120.558	31.8667
176.235	101.843	2.9784
80.7397	28.47	159.244
276.86	146.254	172.715
297.709	132.237	167.463
263.472	116.28	30.2901
109.258	140.748	123.753
284.033	153.15	241.4
94.8798	12.4091	336.88
181.874	88.8007	285.789
28.2137	165.418	127.348
345.811	159.011	102.875
357.673	101.025	265.16
350.049	77.0697	308.995
118.672	35.9768	57.0081
263.908	45.0111	335.843
23.5878	74.7945	39.3597
321.16	135.942	188.358
28.8605	75.0085	10.9294
144.326	98.1449	52.9592
87.0967	83.0677	64.8451
311.034	94.5372	355.433
127.725	16.5875	297.756
168.587	116.355	60.6029
153.906	47.5056	188.351
236.61	23.4486	175.544
324.328	109.794	147.055
98.8964	49.2275	100.653
249.439	93.9519	180.941
248.073	62.5937	14.8972
177.325	80.3695	248.058
78.8174	97.3328	70.0606
49.5027	52.2799	191.373
339.024	87.4122	29.3524
124.839	99.1938	281.335
325.5	108.554	352.263
75.6524	49.2122	24.9689
238.9	154.911	240.168
2.36229	110.569	286.158
213.709	103.118	178.664
86.1598	92.7209	176.254
185.153	53.0682	142.868
298.526	83.4522	51.0361
298.7	153.585	33.5843
285.767	101.904	98.0748
151.15	93.6179	175.099
151.005	133.099	37.7709
320.708	149.567	58.6597
216.211	39.3852	347.065
71.9792	60.1024	213.846
292.861	88.6921	322.744
359.122	100.762	259.605
206.96	108.832	102.845
317.959	1.29485	109.869
354.835	103.039	4.70506
132.63	5.51724	301.116
170.648	72.7989	246.552
149.299	37.8375	146.213
42.0507	78.2449	220.733
329.312	26.1596	29.0388
352.965	151.546	251.036
285.576	101.475	1.66878
286.666	104.784	78.8454
49.5168	93.6567	46.7064
39.5982	126.573	323.906
293.361	62.2666	5.97999
209.702	98.2897	237.475
258.919	68.7776	359.264
323.637	127.737	107.675
36.9573	170.492	202.789
160.147	119.209	26.5968
203.03	63.8751	198.132
44.9187	107.831	81.0656
7.23664	82.7632	88.037
101.809	86.1348	280.635
310.382	28.0844	13.9372
345.449	74.3261	134.476
228.485	124.311	81.3581
269.936	112.93	184.162
150.984	64.3236	4.25978
214.82	93.4297	247.395
297.399	169.262	284.926
10.8549	70.4757	90.9745
316.941	50.374	2.11824
188.045	100.307	273.309
59.3206	81.5417	122.4
223.9	108.606	225.205
79.7139	113.701	263.458
341.186	117.566	184.107
188.198	92.5025	23.906
7.51351	106.256	68.1817
251.441	98.7153	264.684
155.867	70.1951	166.025
9.93747	107.563	349.582
169.51	162.593	176.011
316.99	56.5569	169.43
269.142	99.5664	191.598
180.618	140.734	227.755
4.13411	128.699	10.2925
61.4091	98.5217	273.538
256.48	99.6586	131.103
177.179	100.037	196.189
115.457	102.933	246.572
177.244	27.0731	114.42
330.124	75.9154	125.88
155.536	110.089	348.525
94.6039	100.027	79.1678
151.605	86.3927	102.009
240.956	163.846	330.146
216.739	76.7984	177.209
352.134	24.2891	358.222
355.16	66.5837	328.37
275.318	39.5691	341.526
46.5574	41.1824	70.4685
347.497	91.9495	263.666
56.4243	127.917	245.962
357.374	97.0382	100.556
107.224	98.8399	274.716
102.577	159.073	192.796
337.585	64.4784	94.7529
133.679	101.935	146.316
34.5408	16.7657	135.571
13.6267	19.369	55.373
343.863	73.6274	315.843
72.4599	88.1171	65.4753
3.43388	92.4357	6.16201
320.769	23.9166	147.016
212.75	16.0638	260.746
356.863	86.3351	166.095
134.606	34.0357	66.4815
64.8606	31.942	110.67
159.094	66.1353	322.696
256.006	147.55	148.193
157.171	25.2123	223.801
44.8463	70.2397	50.1394
317.69	168.774	234.963
212.412	104.649	91.2821
302.62	91.9333	180.024
275.528	60.1904	191.337
51.6005	115.888	308.823
279.293	153.449	266.543
162.489	95.699	350.565
247.811	58.5932	99.661
245.522	71.8389	246.325
99.4419	96.2402	351.533
168.43	70.5837	216.756
238.373	56.0317	4.42962
114.12	107.514	201.037
253.082	107.784	73.9891
79.7938	138.793	315.691
330.45	155.34	151.487
77.4162	27.3711	239.529
65.9571	63.2569	263.512
258.657	45.9729	117.984
165.39	100.612	184.164
99.6778	161.271	181.268
35.0344	80.0979	183.568
263.178	163.896	68.7551
7.35634	90.3618	19.8508
357.871	65.6589	94.905
239.353	158.066	290.309
12.9728	82.6543	85.6115
14.3731	24.7022	163.578
58.7798	48.3604	308.372
100.43	93.5962	83.4038
297.653	80.8614	266.05
130.103	76.4213	242.433
126.407	26.4201	354.809
103.05	93.8814	118.483
69.3855	79.5523	347.905
155.67	88.2523	115.644
315.654	168.71	227.968
210.585	100.402	312.277
176.26	116.755	263.472
110.433	143.572	204.518
328.576	146.476	338.995
55.2167	67.3312	152.181
333.021	87.1292	190.118
109.117	107.101	235.108
135.738	88.0519	295.557
180.647	159.577	179.889
238.621	70.2237	310.675
241.373	82.4877	94.3958
45.9836	26.1807	342.45
177.566	81.2583	78.1454
271.973	67.5867	8.08689
167.348	153.7	61.615
178.645	71.1039	238.892
293.285	53.4592	351.501
176.078	109.675	210.12
285.184	111.08	0.562054
346.871	7.76068	188.611
344.773	57.767	123.083
75.4636	113.056	186.459
49.2273	18.9458	43.9184
92.8784	133.696	9.2959
269.9	96.2051	194.127
93.6084	76.6585	314.212
82.2518	122.719	97.7528
82.6427	79.214	197.376
118.624	36.3699	350.927
279.967	77.6458	184.421
267.362	13.4693	279.202
328.882	89.4118	250.177
296.96	117.204	17.5051
290.579	18.9337	36.8544
284.081	66.1251	330.835
49.638	168.653	250.056
277.381	108.929	106.37
223.3	90.8994	345.728
67.9857	80.1413	48.8567
173.067	58.2796	258.354
210.194	33.4804	283.804
278.11	130.858	115.297
126.365	142.017	295.13
325.535	118.31	182.211
18.7584	116.245	227.182
47.2958	85.6631	331.598
139.275	63.14	78.2962
83.362	83.1812	211.327
238.615	113.639	74.7515
240.601	71.8306	248.711
347.394	172.574	311.958
146.588	52.726	324.877
283.424	86.4079	77.7833
37.428	92.3151	132.84
84.9264	92.7058	107.395
199.055	175.882	335.314
221.705	96.187	337.166
146.06	111.108	11.2123
27.9609	24.6726	129.518
323.037	7.80155	64.925
31.0881	148.465	265.509
0.954499	66.8445	227.015
168.951	78.1764	18.9452
197.065	99.0819	251.186
123.254	42.7963	242.722
275.052	100.745	277.609
163.455	90.3747	309.214
212.091	94.0281	203.077
76.3329	111.096	6.91379
3.84504	44.0316	54.9029
51.2713	166.669	216.854
267.458	74.4627	110.489
353.247	73.3084	121.27
133.876	115.811	12.6552
296.295	128.813	328.833
289.318	101.113	147.668
86.3528	97.3461	350.701
75.8524	156.25	326.949
53.5168	164.632	222.922
167.57	66.6786	252.306
70.5059	10.0395	298.862
280.32	133.987	269.708
342.957	102.348	240.587
7.89639	66.5038	38.543
316.008	34.2724	19.323
330.324	81.8824	274.922
18.3516	120.18	201.279
17.7619	162.122	10.3572
237.927	170.252	166.118
7.16082	78.5827	257.274
89.752	70.5814	341.94
346.856	144.611	326.953
287.679	111.668	334.172
201.468	107.048	13.1258
71.866	81.3567	179.262
203.187	90.3137	178.976
85.4693	130.09	5.43896
195.719	89.4347	182.073
123.548	136.071	36.5154
5.31819	78.4098	301.569
163.237	110.777	307.575
263.456	72.6322	153.191
264.674	112.844	13.3145
